300.39038 1392.7337
300.68137 1331.5674
300.97234 1378.2959
301.26329 1258.6745
301.55422 1344.0797
301.84514 1265.8477
302.13603 1284.7764
302.42691 1284.8133
302.71776 1292.4514
303.0086 1253.4544
303.29942 1302.4457
303.59022 1252.1154
303.88101 1235.8326
304.17177 1224.0942
304.46252 1231.5665
304.75324 1193.3119
305.04395 1274.5542
305.33464 1166.8395
305.62531 1175.1319
305.91596 1122.0589
306.20659 1212.9596
306.49721 1184.8653
306.7878 1225.1914
307.07838 1108.3059
307.36893 1168.095
307.65947 1123.5678
307.94999 1159.5542
308.24049 1114.4734
308.53097 1166.6921
308.82144 1091.6969
309.11188 1136.2068
309.40231 1091.1315
309.69271 1142.8888
309.9831 1065.0987
310.27347 1083.5254
310.56382 1078.4277
310.85415 1079.3109
311.14446 1047.4194
311.43475 1059.4264
311.72502 1080.4513
312.01528 1021.8391
312.30551 1005.4668
312.59573 1028.9251
312.88593 1054.6237
313.17611 1058.0612
313.46627 1010.3313
313.7564 1011.5344
314.04653 1018.9751
314.33663 1067.5089
314.62671 1028.3955
314.91677 1036.0296
315.20682 995.00871
315.49685 1032.8483
315.78685 966.07727
316.07684 982.36898
316.36681 997.99094
316.65676 997.81149
316.94669 985.98088
317.2366 1002.2246
317.52649 982.15064
317.81636 993.18324
318.10622 974.33194
318.39605 972.30446
318.68587 935.68555
318.97566 964.02472
319.26544 928.4493
319.5552 1017.3268
319.84493 950.3109
320.13465 958.46706
320.42435 934.68726
320.71403 944.15833
321.00369 910.16857
321.29334 917.56244
321.58296 845.2838
321.87256 931.37721
322.16215 939.77907
322.45171 985.19765
322.74125 968.414
323.03078 936.50483
323.32029 851.54836
323.60977 913.73095
323.89924 919.16358
324.18869 944.11685
324.47812 907.87941
324.76753 919.40217
325.05692 900.75265
325.34629 905.13656
325.63564 859.07822
325.92497 869.69401
326.21428 874.67202
326.50358 913.32062
326.79285 856.16414
327.0821 890.78617
327.37134 890.77922
327.66055 854.91158
327.94975 868.17289
328.23892 865.327
328.52808 849.34608
328.81722 862.40459
329.10634 795.34899
329.39543 836.46244
329.68451 825.49074
329.97357 801.80234
330.26261 770.38695
330.55163 848.67983
330.84063 809.73117
331.12961 811.60916
331.41857 772.14134
331.70751 830.73776
331.99643 751.86814
332.28533 813.48547
332.57421 817.55106
332.86308 789.97399
333.15192 753.87641
333.44074 769.83463
333.72955 796.52891
334.01833 746.37155
334.30709 780.42003
334.59584 803.31328
334.88456 752.64159
335.17327 774.18446
335.46195 811.2639
335.75062 749.08851
336.03926 775.75065
336.32789 807.48307
336.61649 797.16681
336.90508 809.61435
337.19365 778.53817
337.48219 776.87897
337.77072 729.31905
338.05923 699.38615
338.34771 746.16122
338.63618 797.37222
338.92463 780.63801
339.21305 806.79191
339.50146 791.4211
339.78985 742.53327
340.07822 727.82535
340.36656 759.13977
340.65489 794.51216
340.9432 737.10265
341.23149 785.71441
341.51975 774.01207
341.808 733.7096
342.09623 784.62044
342.38444 713.85742
342.67263 749.732
342.96079 726.86231
343.24894 739.53408
343.53707 773.30875
343.82518 776.64589
344.11327 731.83627
344.40133 795.07957
344.68938 750.39454
344.97741 764.08278
345.26542 666.29362
345.5534 739.13404
345.84137 793.27865
346.12932 758.6694
346.41725 769.56351
346.70515 745.70236
346.99304 794.4412
347.28091 715.44652
347.56875 722.48265
347.85658 808.35447
348.14439 764.95524
348.43217 745.72227
348.71994 779.68429
349.00769 693.90084
349.29541 710.55092
349.58312 734.87803
349.8708 726.40629
350.15847 808.77409
350.44611 770.261
350.73374 771.62074
351.02134 763.79672
351.30892 794.53372
351.59649 705.33355
351.88403 785.0241
352.17155 796.84417
352.45906 783.27165
352.74654 739.62006
353.034 763.82536
353.32144 725.07697
353.60886 728.79958
353.89627 750.02606
354.18365 688.24722
354.47101 735.56281
354.75835 702.95044
355.04567 739.44916
355.33297 776.17875
355.62024 887.94229
355.9075 789.1924
356.19474 612.78029
356.48196 706.85439
356.76916 760.07858
357.05633 805.92426
357.34349 836.54583
357.63062 769.72493
357.91774 797.20463
358.20483 851.99279
358.49191 885.1431
358.77896 810.64195
359.06599 812.21142
359.35301 844.90056
359.64 926.02055
359.92697 903.60232
360.21392 911.37457
360.50085 809.48602
360.78776 784.50397
361.07465 772.52271
361.36152 765.58534
361.64837 816.30396
361.93519 819.94277
362.222 859.09818
362.50879 909.28664
362.79555 939.76552
363.0823 899.42347
363.36902 923.25382
363.65572 967.83438
363.94241 871.83912
364.22907 885.65593
364.51571 841.13859
364.80233 861.06771
365.08893 885.71197
365.37551 819.87669
365.66207 870.00398
365.9486 981.87694
366.23512 972.90233
366.52162 854.44206
366.80809 885.68649
367.09455 895.80761
367.38098 1017.6731
367.66739 1046.7971
367.95379 1009.4541
368.24016 1042.7082
368.52651 1060.9043
368.81284 973.08627
369.09915 1060.2286
369.38543 1013.5774
369.6717 1131.933
369.95795 1113.9828
370.24417 1040.0403
370.53038 1081.0049
370.81656 1150.4475
371.10272 1003.0943
371.38886 1059.129
371.67498 1120.9426
371.96109 1097.1262
372.24716 1030.6353
372.53322 1107.1449
372.81926 1242.5437
373.10527 1204.0971
373.39127 1211.7982
373.67724 1027.3147
373.96319 1021.1923
374.24913 1262.5962
374.53504 1264.3316
374.82093 989.4056
375.10679 1004.9799
375.39264 980.32474
375.67847 1038.8912
375.96427 1110.0467
376.25006 1133.9356
376.53582 1046.7757
376.82156 1095.2723
377.10728 1205.1179
377.39299 1230.772
377.67866 1327.3079
377.96432 1297.6658
378.24996 1240.9652
378.53557 1311.4599
378.82117 1434.6679
379.10674 1379.8739
379.39229 1271.1372
379.67782 1360.8075
379.96333 1316.9326
380.24882 1279.4233
380.53429 1314.1388
380.81973 1254.1609
381.10516 1189.6918
381.39056 1143.7328
381.67594 1153.6362
381.9613 1064.0209
382.24664 1021.7415
382.53196 1195.5244
382.81725 1348.0941
383.10253 1233.3621
383.38778 1203.5603
383.67302 1179.8839
383.95823 1350.2336
384.24342 1467.0325
384.52859 1494.1487
384.81373 1349.6212
385.09886 1450.7356
385.38396 1372.2754
385.66905 1481.115
385.95411 1550.5498
386.23915 1525.7246
386.52417 1569.5535
386.80917 1452.8001
387.09414 1419.0259
387.3791 1489.297
387.66403 1409.2833
387.94894 1405.8569
388.23383 1542.1579
388.5187 1587.7052
388.80354 1353.8119
389.08837 1396.3368
389.37317 1361.9435
389.65796 1582.4567
389.94272 1617.8178
390.22746 1612.0154
390.51217 1554.6753
390.79687 1512.9195
391.08155 1438.7715
391.3662 1515.4485
391.65083 1576.5177
391.93544 1384.257
392.22003 1411.2828
392.50459 1564.595
392.78914 1442.8228
393.07366 1471.1683
393.35816 1550.6327
393.64264 1559.1364
393.9271 1652.7107
394.21154 1372.6732
394.49595 1555.0523
394.78035 1541.3207
395.06472 1630.6378
395.34907 1373.884
395.6334 1382.1645
395.9177 1493.4983
396.20199 1602.173
396.48625 1600.3379
396.77049 1585.0805
397.05471 1609.1186
397.33891 1734.3655
397.62308 1750.915
397.90724 1665.1566
398.19137 1788.0833
398.47548 1649.0457
398.75957 1679.125
399.04363 1678.3974
399.32768 1442.3714
399.6117 1535.0481
399.8957 1611.9481
400.17968 1617.5371
400.46364 1747.2059
400.74757 1821.0291
401.03149 1669.5003
401.31538 1749.1746
401.59925 1722.1973
401.8831 1859.2897
402.16692 1643.6636
402.45072 1568.6782
402.73451 1688.2035
403.01826 1650.4663
403.302 1364.3251
403.58572 1672.5857
403.86941 1845.1372
404.15308 1841.0904
404.43673 1796.6686
404.72036 1852.1389
405.00397 1711.2086
405.28755 1807.0192
405.57111 1717.6529
405.85465 1825.4567
406.13817 1765.3429
406.42166 1824.0392
406.70514 1898.3304
406.98859 1620.563
407.27202 1697.063
407.55542 1856.0495
407.83881 1800.4095
408.12217 1784.889
408.40551 1769.6835
408.68883 1817.0643
408.97213 1523.5705
409.2554 1643.1073
409.53865 1519.9708
409.82188 1603.2162
410.10509 1699.3512
410.38827 1827.7375
410.67144 1819.5612
410.95458 1726.1613
411.23769 1622.2444
411.52079 1833.0035
411.80386 1812.2958
412.08692 1883.6259
412.36994 1862.1635
412.65295 2003.5584
412.93594 1914.9438
413.2189 1866.7166
413.50184 1807.5876
413.78476 1839.0759
414.06765 1830.9195
414.35053 1903.9605
414.63338 1863.4084
414.9162 1824.3065
415.19901 1634.2464
415.48179 1787.7521
415.76455 1876.1181
416.04729 1972.436
416.33001 1790.3746
416.6127 1789.0469
416.89537 1831.9312
417.17802 1784.7748
417.46065 1867.7952
417.74325 1786.6936
418.02583 1858.3236
418.30839 1755.853
418.59093 1658.769
418.87344 1584.8482
419.15593 1766.6891
419.4384 1816.9143
419.72085 1792.224
420.00327 1770.5694
420.28568 1619.7706
420.56806 1431.412
420.85041 1696.363
421.13274 1783.5949
421.41506 1643.7792
421.69734 1691.141
421.97961 1819.8206
422.26185 1955.473
422.54407 1655.4749
422.82627 1641.1169
423.10845 1537.4346
423.3906 1598.8864
423.67273 1605.4387
423.95484 1573.2435
424.23692 1812.2891
424.51898 1803.9518
424.80102 1975.3585
425.08304 1962.9499
425.36503 1851.0235
425.647 1683.0391
425.92895 1903.488
426.21088 1838.7678
426.49278 2067.8656
426.77466 1794.0156
427.05652 2072.0044
427.33835 1864.5333
427.62016 1722.2074
427.90195 1850.4557
428.18372 1871.5692
428.46546 1949.9344
428.74718 2060.7111
429.02888 1942.4771
429.31056 1872.0181
429.59221 1943.8652
429.87384 1892.5599
430.15544 2060.2428
430.43703 1762.6772
430.71859 1797.0727
431.00012 1727.3741
431.28164 2047.6966
431.56313 1946.5299
431.8446 1826.8437
432.12604 1837.3963
432.40747 1858.1399
432.68887 1818.3143
432.97024 1957.7277
433.2516 2009.2382
433.53293 1901.3507
433.81424 1862.821
434.09552 1843.5228
434.37678 1994.6914
434.65802 1930.7256
434.93924 1804.188
435.22043 1903.4711
435.5016 1977.1139
435.78275 1944.9493
436.06387 1875.5429
436.34497 1736.9302
436.62605 1687.7493
436.9071 1697.3618
437.18813 1876.2793
437.46914 1880.7568
437.75013 1918.7346
438.03109 1917.6103
438.31203 1903.1922
438.59294 1628.1772
438.87383 1898.8153
439.1547 1998.9279
439.43555 2014.2593
439.71637 1904.4791
439.99717 1730.2989
440.27795 1756.7768
440.5587 1837.8018
440.83943 1843.0737
441.12014 1791.6632
441.40082 1872.4441
441.68148 1859.911
441.96211 1751.4126
442.24273 1868.9587
442.52332 1818.2153
442.80388 2027.9042
443.08443 1934.9022
443.36495 1995.0204
443.64545 2041.4365
443.92592 1909.9665
444.20637 2121.2064
444.4868 2160.9313
444.7672 1984.5749
445.04758 1877.3044
445.32794 1628.9456
445.60827 1779.138
445.88858 1911.4
446.16887 2090.1282
446.44913 1798.865
446.72937 1824.4391
447.00958 1951.7987
447.28978 2056.1221
447.56995 1887.5865
447.85009 2116.8045
448.13021 1985.0377
448.41031 1869.13
448.69039 1977.3535
448.97044 1939.8875
449.25047 1638.6797
449.53047 1741.752
449.81045 2053.9264
450.09041 2072.9118
450.37034 2093.3676
450.65026 1929.5805
450.93014 2170.5917
451.21001 1898.3518
451.48985 1773.9132
451.76966 1980.3941
452.04945 1784.6485
452.32922 1872.7968
452.60897 1940.5046
452.88869 2150.1701
453.16839 2044.4124
453.44806 1824.12
453.72771 2118.1569
454.00734 2222.908
454.28694 1924.4838
454.56652 2005.7672
454.84608 2211.8393
455.12561 2192.443
455.40512 2074.0319
455.6846 1900.4925
455.96406 1928.4379
456.2435 2023.4927
456.52291 2076.1851
456.8023 1764.6545
457.08167 1978.3385
457.36101 1917.0774
457.64033 1887.3413
457.91962 1902.5259
458.19889 2113.9994
458.47814 1986.7788
458.75736 2073.3805
459.03656 2164.0702
459.31574 2109.5466
459.59489 2048.4461
459.87402 2089.4646
460.15312 2067.4101
460.4322 2043.4989
460.71126 2010.0266
460.99029 2049.5748
461.2693 2146.8839
461.54828 2006.9223
461.82724 2044.6528
462.10618 2132.7852
462.38509 2103.2064
462.66398 1672.3384
462.94284 2037.4665
463.22168 2092.1308
463.5005 2040.3576
463.77929 2160.4451
464.05806 2184.1282
464.3368 2202.6594
464.61552 2086.966
464.89422 2056.5712
465.17289 2144.4171
465.45154 2144.3426
465.73016 2086.0301
466.00876 2087.1683
466.28733 2011.2114
466.56589 1993.9219
466.84441 2088.7771
467.12292 2025.6451
467.4014 2110.0618
467.67985 1944.6079
467.95828 2050.1097
468.23669 2116.7648
468.51507 2090.6598
468.79343 2030.8222
469.07176 1981.369
469.35007 2166.0819
469.62836 2040.155
469.90662 1969.8293
470.18486 1898.2879
470.46307 2161.3463
470.74126 2096.726
471.01943 2004.3374
471.29757 2121.151
471.57568 2121.3962
471.85377 2177.1389
472.13184 2010.2874
472.40988 2134.2838
472.6879 2011.2652
472.9659 2150.0749
473.24387 2062.8121
473.52181 1922.5685
473.79973 1847.9944
474.07763 2102.8112
474.3555 2082.1628
474.63335 2050.3218
474.91118 2055.0036
475.18898 2031.3698
475.46675 2022.6309
475.7445 2055.0419
476.02223 2030.1566
476.29993 1974.6459
476.57761 1960.2866
476.85526 1966.9759
477.13289 1959.3023
477.41049 1962.6208
477.68807 1950.0216
477.96563 1931.0611
478.24316 1934.6331
478.52067 1931.6954
478.79815 1905.1333
479.0756 1926.3401
479.35304 1905.5223
479.63044 1903.7843
479.90783 1906.6757
480.18519 1908.6999
480.46252 1912.1945
480.73983 1904.5598
481.01712 1891.5723
481.29438 1877.4569
481.57161 1871.4591
481.84882 1874.9098
482.12601 1880.5663
482.40317 1868.4111
482.68031 1856.5833
482.95742 1856.5108
483.23451 1838.7305
483.51157 1830.9447
483.78861 1824.1601
484.06563 1824.4218
484.34262 1820.5933
484.61958 1814.6227
484.89652 1805.2817
485.17343 1800.2003
485.45033 1805.327
485.72719 1792.0938
486.00403 1790.0884
486.28085 1777.2698
486.55764 1764.808
486.83441 1765.7459
487.11115 1741.2386
487.38786 1739.6263
487.66456 1730.7049
487.94122 1734.1866
488.21786 1728.917
488.49448 1720.4959
488.77107 1714.8029
489.04764 1707.4742
489.32418 1689.547
489.6007 1694.6011
489.8772 1684.422
490.15366 1672.097
490.43011 1666.3046
490.70653 1659.8916
490.98292 1649.1013
491.25929 1645.3695
491.53563 1644.5467
491.81195 1643.6086
492.08824 1624.9994
492.36451 1613.3943
492.64076 1616.6704
492.91697 1606.6245
493.19317 1597.4592
493.46934 1593.2331
493.74548 1580.0046
494.0216 1575.3447
494.29769 1565.7285
494.57376 1560.1353
494.8498 1542.3898
495.12582 1544.781
495.40182 1535.0323
495.67778 1532.8991
495.95373 1524.5517
496.22965 1521.4531
496.50554 1509.5229
496.78141 1514.4046
497.05725 1513.5952
497.33306 1504.5378
497.60886 1497.8357
497.88462 1499.2171
498.16037 1489.8435
498.43608 1479.2742
498.71177 1475.6223
498.98744 1479.0025
499.26308 1476.3382
499.5387 1466.4954
499.81429 1456.2459
500.08985 1456.8116
500.36539 1443.0359
500.64091 1439.0987
500.9164 1437.3839
501.19186 1429.1353
501.4673 1420.808
501.74271 1407.2868
502.0181 1408.8957
502.29347 1403.5462
502.5688 1399.4275
502.84412 1399.1761
503.1194 1386.6988
503.39466 1385.5625
503.6699 1385.0107
503.94511 1385.8801
504.2203 1384.4218
504.49546 1379.8756
504.77059 1376.5403
505.0457 1363.6863
505.32079 1373.2917
505.59584 1364.257
505.87088 1360.2777
506.14589 1347.8094
506.42087 1340.8185
506.69582 1345.2691
506.97075 1335.9133
507.24566 1337.6234
507.52054 1335.7161
507.79539 1330.3236
508.07022 1332.0856
508.34503 1330.2585
508.61981 1327.5185
508.89456 1327.2267
509.16929 1334.4808
509.44399 1329.6424
509.71866 1320.2437
509.99331 1318.0616
510.26794 1311.3542
510.54254 1313.927
510.81711 1306.6318
511.09166 1302.0192
511.36618 1302.8222
511.64068 1302.1095
511.91515 1296.875
512.18959 1292.3546
512.46401 1286.457
512.73841 1286.8054
513.01278 1287.6205
513.28712 1279.9244
513.56143 1274.6628
513.83573 1278.4466
514.10999 1275.5364
514.38423 1275.8738
514.65844 1273.1548
514.93263 1269.0594
515.2068 1271.275
515.48093 1267.3129
515.75504 1264.9666
516.02913 1266.2781
516.30319 1258.5145
516.57722 1259.619
516.85123 1260.476
517.12521 1260.3319
517.39917 1251.9446
517.67309 1257.8063
517.947 1256.5216
518.22088 1254.782
518.49473 1258.3231
518.76856 1260.9367
519.04236 1261.8876
519.31613 1250.3454
519.58988 1250.5703
519.86361 1252.4149
520.1373 1252.268
520.41097 1253.0937
520.68462 1249.8853
520.95824 1252.237
521.23183 1248.8106
521.5054 1252.6825
521.77894 1253.0838
522.05245 1250.0921
522.32594 1250.4374
522.59941 1248.221
522.87284 1251.9787
523.14625 1250.0739
523.41964 1249.9669
523.693 1259.7231
523.96633 1255.7598
524.23964 1262.3118
524.51292 1257.0192
524.78617 1255.6518
525.0594 1260.2446
525.33261 1256.1747
525.60578 1258.7069
525.87893 1256.8501
526.15206 1258.607
526.42516 1263.1549
526.69823 1258.0783
526.97127 1261.0401
527.24429 1259.5169
527.51729 1258.2289
527.79025 1258.2339
528.06319 1261.9623
528.33611 1258.5559
528.609 1264.1808
528.88186 1263.4912
529.15469 1261.2636
529.4275 1255.5909
529.70029 1255.1653
529.97305 1253.3411
530.24578 1254.6208
530.51848 1254.6362
530.79116 1265.2329
531.06381 1256.162
531.33644 1265.9259
531.60904 1259.2182
531.88161 1269.3209
532.15416 1266.8574
532.42668 1266.4617
532.69917 1266.3602
532.97164 1264.4677
533.24408 1276.9021
533.51649 1273.5903
533.78888 1270.5151
534.06125 1279.6504
534.33358 1279.0998
534.60589 1284.6291
534.87817 1285.0335
535.15043 1279.7701
535.42266 1278.5365
535.69486 1286.8469
535.96704 1286.8162
536.23919 1287.7749
536.51131 1287.1507
536.78341 1285.4141
537.05548 1297.3291
537.32753 1296.7655
537.59955 1297.3847
537.87154 1303.3028
538.1435 1294.4955
538.41544 1298.1303
538.68735 1294.458
538.95924 1302.3211
539.23109 1302.8866
539.50293 1300.5967
539.77473 1304.4903
540.04651 1299.4596
540.31826 1303.0774
540.58999 1312.9318
540.86169 1309.1917
541.13336 1310.9522
541.405 1315.0478
541.67662 1317.8913
541.94821 1314.6011
542.21978 1308.9753
542.49132 1307.7636
542.76283 1310.0812
543.03431 1314.6431
543.30577 1313.0556
543.57721 1302.8949
543.84861 1302.9522
544.11999 1301.207
544.39134 1303.8907
544.66266 1302.7572
544.93396 1309.7369
545.20523 1322.5966
545.47648 1315.8531
545.7477 1314.4665
546.01888 1319.3222
546.29005 1324.0037
546.56119 1316.4922
546.8323 1324.4189
547.10338 1321.6031
547.37443 1314.475
547.64546 1311.7322
547.91647 1321.4776
548.18744 1325.9412
548.45839 1324.0086
548.72931 1316.2198
549.00021 1316.9555
549.27108 1318.8487
549.54192 1323.2662
549.81273 1323.1206
550.08352 1322.9893
550.35428 1326.5514
550.62501 1325.6433
550.89572 1327.966
551.1664 1334.6382
551.43705 1338.0459
551.70767 1338.3712
551.97827 1343.4909
552.24884 1337.6107
552.51939 1335.5716
552.7899 1334.4107
553.06039 1336.2755
553.33086 1334.4644
553.60129 1333.272
553.8717 1332.9903
554.14208 1341.0141
554.41244 1326.4644
554.68276 1341.1407
554.95306 1337.3437
555.22334 1341.3721
555.49358 1345.6512
555.7638 1339.7848
556.03399 1333.18
556.30416 1341.1872
556.57429 1338.6079
556.8444 1335.105
557.11449 1330.8676
557.38454 1330.2384
557.65457 1332.6103
557.92457 1338.7186
558.19454 1330.2058
558.46449 1329.3925
558.73441 1321.0918
559.0043 1320.5303
559.27417 1325.3858
559.544 1321.4025
559.81381 1327.5546
560.0836 1323.2629
560.35335 1322.9445
560.62308 1317.734
560.89278 1320.5755
561.16245 1317.9644
561.4321 1311.2676
561.70172 1315.2572
561.97131 1321.5338
562.24087 1323.0557
562.51041 1320.3603
562.77992 1327.4497
563.0494 1319.8335
563.31885 1316.7815
563.58828 1313.3823
563.85768 1312.8562
564.12705 1314.0906
564.39639 1316.831
564.66571 1315.5247
564.935 1311.0325
565.20426 1307.9621
565.4735 1308.431
565.7427 1300.2906
566.01188 1308.1172
566.28103 1298.4721
566.55016 1294.1891
566.81926 1300.9933
567.08833 1297.0463
567.35737 1299.7961
567.62638 1290.5991
567.89537 1291.538
568.16433 1292.314
568.43326 1288.5994
568.70216 1287.5822
568.97104 1282.435
569.23988 1288.4947
569.50871 1273.7561
569.7775 1272.9088
570.04626 1279.1329
570.315 1281.7788
570.58371 1278.2085
570.85239 1267.4171
571.12105 1264.8086
571.38968 1262.6612
571.65827 1265.0347
571.92685 1257.753
572.19539 1259.6249
572.4639 1249.104
572.73239 1246.3012
573.00085 1250.5774
573.26929 1245.952
573.53769 1231.3579
573.80607 1234.1017
574.07442 1238.672
574.34274 1234.7844
574.61103 1240.8091
574.8793 1234.9181
575.14754 1228.2168
575.41575 1222.4922
575.68393 1221.1765
575.95208 1215.3193
576.22021 1215.0459
576.48831 1213.0413
576.75638 1209.8814
577.02442 1209.3419
577.29244 1208.688
577.56042 1206.1667
577.82838 1204.4343
578.09631 1199.3051
578.36422 1191.8498
578.63209 1191.967
578.89994 1189.7903
579.16776 1182.045
579.43555 1182.5625
579.70331 1184.954
579.97105 1182.9912
580.23875 1176.9392
580.50643 1174.173
580.77408 1171.4675
581.04171 1163.1367
581.3093 1166.958
581.57687 1163.8724
581.84441 1158.0325
582.11192 1153.4967
582.3794 1150.5419
582.64685 1143.5718
582.91428 1144.2083
583.18168 1143.8894
583.44905 1139.0757
583.71639 1138.1569
583.9837 1135.4129
584.25099 1129.7686
584.51825 1121.6511
584.78548 1122.5519
585.05268 1119.3852
585.31985 1114.2696
585.587 1110.9815
585.85411 1107.7935
586.1212 1096.9124
586.38826 1105.5657
586.65529 1101.1001
586.9223 1099.3276
587.18927 1096.6933
587.45622 1097.0234
587.72314 1096.8435
587.99003 1088.3049
588.25689 1077.3174
588.52372 1075.379
588.79053 1076.3395
589.05731 1066.2158
589.32405 1057.8553
589.59077 1055.9084
589.85747 1058.5128
590.12413 1058.1761
590.39076 1061.7671
590.65737 1057.5969
590.92395 1038.8196
591.1905 1038.026
591.45702 1031.6455
591.72352 1029.5989
591.98998 1024.133
592.25642 1032.3558
592.52282 1027.6868
592.7892 1012.8535
593.05555 1012.5684
593.32188 1000.156
593.58817 1002.8272
593.85444 996.94776
594.12067 987.87839
594.38688 994.72418
594.65306 982.83267
594.91921 973.58537
595.18534 976.17725
595.45143 970.27454
595.71749 973.7588
595.98353 975.01496
596.24954 973.79847
596.51552 970.87508
596.78147 969.9101
597.04739 965.04847
597.31329 964.25368
597.57915 962.88232
597.84499 956.34265
598.1108 948.68035
598.37658 949.14572
598.64233 947.81305
598.90805 938.43219
599.17374 933.31963
599.43941 925.80942
599.70505 926.27081
599.97065 920.49154
600.23623 924.38925
600.50178 916.11895
600.7673 912.54857
601.03279 915.13557
601.29826 913.18495
601.56369 912.40884
601.8291 907.21081
602.09448 906.42264
602.35982 901.44915
602.62514 896.47867
602.89043 891.15493
603.1557 893.11849
603.42093 886.43068
603.68613 885.5252
603.95131 885.55465
604.21645 881.02345
604.48157 876.7603
604.74666 870.72028
605.01172 869.70437
605.27675 871.5636
605.54175 865.02984
605.80673 863.57106
606.07167 859.79024
606.33659 855.07023
606.60147 854.95532
606.86633 854.56002
607.13116 850.65547
607.39596 846.79567
607.66073 837.86581
607.92547 838.19526
608.19018 839.26251
608.45487 838.20931
608.71952 834.76519
608.98414 824.93441
609.24874 821.44215
609.51331 822.69927
609.77784 823.90988
610.04235 814.9331
610.30683 806.82149
610.57128 815.65274
610.83571 815.12132
611.1001 805.51277
611.36446 801.43041
611.6288 799.81028
611.8931 798.73741
612.15738 792.53685
612.42162 795.16607
612.68584 792.49794
612.95003 791.31658
613.21419 781.77004
613.47832 789.52106
613.74242 787.96944
614.00649 780.77475
614.27053 783.43337
614.53455 779.09984
614.79853 774.17471
615.06249 771.12444
615.32641 766.51733
615.59031 766.33957
615.85418 759.6017
616.11801 755.34585
616.38182 747.98306
616.6456 753.03604
616.90935 749.30828
617.17307 749.23045
617.43676 744.4028
617.70042 746.84816
617.96406 745.97266
618.22766 743.27387
618.49123 742.56227
618.75477 741.55246
619.01829 735.26582
619.28178 736.05382
619.54523 734.4322
619.80866 731.3394
620.07205 733.94707
620.33542 730.88049
620.59876 726.58877
620.86207 721.5393
621.12535 718.14366
621.3886 712.30308
621.65182 712.99312
621.91501 717.29188
622.17817 716.43416
622.4413 712.96507
622.7044 707.28673
622.96748 708.79533
623.23052 704.04336
623.49353 705.29398
623.75652 702.62717
624.01947 710.08454
624.2824 708.05953
624.54529 696.78171
624.80816 693.59607
625.07099 699.20067
625.3338 692.09034
625.59658 687.68685
625.85932 688.78406
626.12204 686.37957
626.38473 680.80625
626.64739 679.41978
626.91002 678.67672
627.17261 683.0185
627.43518 683.91123
627.69772 682.94221
627.96023 671.52628
628.22271 667.46563
628.48516 667.49997
628.74758 672.48616
629.00997 664.32883
629.27233 661.15907
629.53466 663.44137
629.79697 660.22742
630.05924 656.86663
630.32148 655.83345
630.58369 651.52819
630.84587 651.31183
631.10802 654.77078
631.37015 650.69435
631.63224 652.21943
631.8943 657.3369
632.15634 648.35758
632.41834 652.0481
632.68031 650.90659
632.94225 645.02049
633.20417 639.81545
633.46605 640.19883
633.7279 636.39759
633.98973 634.12268
634.25152 633.52797
634.51328 633.27878
634.77502 638.037
635.03672 636.70262
635.2984 629.99759
635.56004 631.77253
635.82165 627.62401
636.08324 627.77638
636.34479 631.42809
636.60631 629.28425
636.86781 626.77587
637.12927 624.55588
637.39071 621.99502
637.65211 619.87346
637.91348 618.78728
638.17483 622.2738
638.43614 622.31032
638.69742 616.08996
638.95867 613.97541
639.2199 617.1763
639.48109 611.39512
639.74225 609.19526
640.00338 609.73831
640.26449 607.36816
640.52556 606.56639
640.7866 604.70732
641.04761 601.2891
641.30859 600.87508
641.56954 605.98527
641.83047 597.84423
642.09136 600.10748
642.35222 596.32524
642.61305 603.29381
642.87385 599.69109
643.13462 593.68051
643.39536 596.65702
643.65607 598.01251
643.91674 596.6791
644.17739 596.72676
644.43801 592.89232
644.6986 590.92837
644.95916 587.36101
645.21969 594.63424
645.48018 591.75884
645.74065 590.15652
646.00108 590.95693
646.26149 588.24547
646.52187 590.66317
646.78221 582.62953
647.04253 579.26458
647.30281 578.96141
647.56307 579.41882
647.82329 576.42498
648.08348 579.25182
648.34364 581.02384
648.60378 578.24226
648.86388 571.64824
649.12395 573.59633
649.38399 571.24121
649.644 565.81145
649.90398 568.74297
650.16393 569.06313
650.42385 568.70748
650.68373 566.07738
650.94359 561.87348
651.20342 561.63192
651.46322 564.7107
651.72298 565.22827
651.98272 561.70826
652.24242 563.6601
652.5021 559.76976
652.76174 558.65261
653.02135 558.36323
653.28093 562.94046
653.54049 561.44144
653.80001 559.97528
654.0595 559.61842
654.31896 556.88792
654.57839 557.34581
654.83778 554.77208
655.09715 552.14656
655.35649 554.94013
655.61579 557.5871
655.87507 554.25289
656.13431 551.17958
656.39353 554.86972
656.65271 550.96444
656.91186 550.02056
657.17098 545.37097
657.43008 542.57533
657.68914 544.18522
657.94817 545.37476
658.20716 539.15266
658.46613 536.44213
658.72507 540.6589
658.98397 540.98042
659.24285 542.67533
659.50169 540.73527
659.76051 539.32465
660.01929 536.47542
660.27804 532.13043
660.53676 536.9571
660.79545 533.99029
661.05411 534.20199
661.31274 535.31206
661.57133 535.2211
661.8299 530.29977
662.08844 528.9373
662.34694 527.36856
662.60541 528.58365
662.86385 525.08802
663.12227 521.84041
663.38065 525.73264
663.639 522.70538
663.89731 518.43656
664.1556 521.26913
664.41386 525.37929
664.67208 526.115
664.93028 517.93624
665.18844 516.60864
665.44657 512.07509
665.70467 517.72841
665.96274 517.1492
666.22078 514.30876
666.47879 509.58978
666.73676 505.73786
666.99471 508.46635
667.25262 511.37363
667.51051 507.27339
667.76836 506.22895
668.02618 509.68927
668.28397 514.20067
668.54173 507.07075
668.79945 505.8301
669.05715 506.34275
669.31481 509.70111
669.57245 511.39398
669.83005 510.93806
670.08762 508.40723
670.34516 513.1491
670.60267 516.03298
670.86014 510.32716
671.11759 510.66542
671.37501 513.56668
671.63239 513.94676
671.88974 517.16642
672.14706 515.50174
672.40435 517.06419
672.66161 516.26757
672.91884 512.50362
673.17603 516.39979
673.43319 511.8702
673.69033 509.83168
673.94743 508.71083
674.2045 508.80456
674.46154 505.36127
674.71854 508.63327
674.97552 509.73534
675.23246 505.67893
675.48938 507.1606
675.74626 505.22727
676.00311 504.70543
676.25992 495.39306
676.51671 496.71937
676.77347 499.27894
677.03019 493.7033
677.28688 493.66546
677.54354 494.19709
677.80017 492.10737
678.05677 495.13862
678.31334 490.34643
678.56987 491.33178
678.82637 484.68707
679.08285 484.81782
679.33929 482.78402
679.59569 478.79427
679.85207 479.2113
680.10842 479.76044
680.36473 470.56163
680.62101 468.63544
680.87726 471.00344
681.13348 464.55136
681.38967 465.61753
681.64582 467.97439
681.90195 465.55558
682.15804 461.38234
682.4141 454.38115
682.67013 448.83577
682.92612 453.39997
683.18209 452.15346
683.43802 451.34833
683.69392 452.05853
683.94979 454.28845
684.20563 457.52609
684.46144 449.4225
684.71721 446.85317
684.97295 447.44371
685.22866 445.68868
685.48434 445.46315
685.73999 442.79856
685.99561 436.61993
686.25119 431.81237
686.50674 436.3899
686.76226 433.16753
687.01775 430.34482
687.27321 432.90065
687.52863 431.60209
687.78402 429.69566
688.03938 425.22847
688.29471 426.59826
688.55001 425.59953
688.80527 426.58508
689.06051 423.79415
689.31571 422.74603
689.57088 421.23772
689.82601 421.84811
690.08112 420.89073
690.33619 418.43578
690.59123 421.24694
690.84624 418.95116
691.10122 418.51413
691.35616 419.51341
691.61107 419.19591
691.86595 415.65646
692.1208 415.54774
692.37562 408.95706
692.6304 407.8987
692.88516 412.29134
693.13988 411.38649
693.39457 407.43784
693.64922 402.6351
693.90385 403.66773
694.15844 404.78089
694.413 407.1983
694.66753 404.04217
694.92202 400.68955
695.17648 398.8578
695.43092 399.84417
695.68531 399.81776
695.93968 397.07005
696.19402 396.5338
696.44832 394.31621
696.70259 397.51456
696.95683 392.99095
697.21103 392.72777
697.46521 394.74727
697.71935 390.08748
697.97346 390.36825
698.22753 387.23904
698.48158 389.02104
698.73559 388.55873
698.98957 391.36268
699.24352 389.03631
699.49743 392.59182
699.75131 384.37613
700.00517 386.47267
700.25898 381.82271
700.51277 376.80255
700.76652 375.73121
701.02024 377.759
701.27393 376.99011
701.52759 376.98325
701.78121 375.50177
702.0348 375.70988
702.28836 374.03575
702.54189 373.87901
702.79538 369.52116
703.04884 373.08153
703.30227 374.83382
703.55567 369.17904
703.80903 368.58313
704.06236 368.82946
704.31566 366.81621
704.56893 366.30972
704.82216 362.80535
705.07537 363.59047
705.32853 359.1111
705.58167 358.10256
705.83478 354.68561
706.08785 355.7378
706.34088 354.6893
706.59389 355.96249
706.84686 357.38777
707.09981 355.44697
707.35271 358.33346
707.60559 354.35117
707.85843 353.22791
708.11124 352.65023
708.36402 351.11725
708.61677 350.73791
708.86948 349.34633
709.12216 346.3729
709.37481 347.46188
709.62742 347.25913
709.88 343.34046
710.13255 344.00416
710.38507 341.73076
710.63755 341.23992
710.89 340.78336
711.14242 342.97
711.3948 340.57128
711.64715 338.33261
711.89948 338.10331
712.15176 340.24568
712.40401 339.6899
712.65624 333.52454
712.90842 335.62492
713.16058 337.3548
713.4127 338.43515
713.66479 335.0055
713.91685 334.20669
714.16887 331.90326
714.42087 332.51338
714.67282 326.86224
714.92475 328.03402
715.17664 322.76702
715.4285 321.52486
715.68033 321.51738
715.93212 323.19511
716.18388 324.30808
716.43561 318.65452
716.6873 317.9305
716.93897 317.52882
717.19059 316.2887
717.44219 311.23763
717.69375 314.05731
717.94528 312.72457
718.19678 311.22676
718.44824 312.05122
718.69967 311.40139
718.95107 308.96694
719.20244 309.73216
719.45377 310.97813
719.70507 310.46507
719.95633 307.18317
720.20756 304.21433
720.45876 301.15606
720.70993 298.35363
720.96106 296.21391
721.21216 294.40112
721.46323 294.93599
721.71426 294.88121
721.96526 296.31629
722.21623 292.55458
722.46716 293.53392
722.71806 291.9178
722.96893 290.65649
723.21977 289.90317
723.47057 285.73486
723.72133 286.48729
723.97207 287.82868
724.22277 283.45451
724.47344 284.1093
724.72407 286.36223
724.97468 285.57451
725.22524 282.44041
725.47578 275.38823
725.72628 275.70072
725.97675 276.26926
726.22718 274.97996
726.47758 277.0523
726.72795 278.57133
726.97829 277.07469
727.22859 275.47737
727.47886 274.76168
727.72909 274.42593
727.97929 271.26535
728.22946 273.38773
728.4796 272.40271
728.7297 269.20405
728.97977 269.85823
729.2298 267.06502
729.4798 268.94413
729.72977 268.05916
729.9797 266.06599
730.2296 265.69927
730.47947 263.64292
730.7293 260.89498
730.9791 256.82792
731.22887 259.41972
731.4786 258.21407
731.7283 255.83909
731.97797 257.53465
732.2276 254.64614
732.4772 253.21724
732.72677 251.18901
732.9763 252.47325
733.2258 250.82842
733.47526 252.27887
733.72469 250.46377
733.97409 250.22166
734.22345 249.59705
734.47278 246.43597
734.72208 245.91824
734.97134 245.19544
735.22057 244.56749
735.46977 242.5534
735.71893 242.13034
735.96806 240.85945
736.21715 240.66297
736.46621 235.8019
736.71524 239.6666
736.96423 241.15727
737.21319 239.10422
737.46212 237.35496
737.71101 236.66708
737.95987 234.68278
738.20869 235.99451
738.45748 233.69661
738.70624 229.54233
738.95496 229.00825
739.20365 230.39091
739.45231 228.60495
739.70093 226.90133
739.94951 226.20834
740.19807 227.30796
740.44659 225.05523
740.69507 224.86387
740.94353 224.13406
741.19194 220.89913
741.44033 221.55854
741.68868 220.74
741.937 217.50349
742.18528 216.72659
742.43353 215.79093
742.68174 218.97854
742.92992 215.8562
743.17807 214.04993
743.42618 215.62877
743.67426 215.35962
743.92231 214.41623
744.17032 214.19241
744.41829 214.69497
744.66624 213.19758
744.91414 212.75108
745.16202 210.74965
745.40986 209.43876
745.65767 208.18791
745.90544 205.91227
746.15318 201.15103
746.40088 204.79224
746.64855 204.38044
746.89619 204.66539
747.14379 199.79442
747.39136 198.93727
747.63889 199.09175
747.88639 199.91887
748.13386 198.48032
748.38129 197.49011
748.62869 198.88733
748.87605 193.84909
749.12338 192.05188
749.37067 193.23425
749.61793 194.55291
749.86516 196.87849
750.11235 193.11154
750.35951 191.50712
750.60663 194.36451
750.85372 191.113
751.10078 190.84638
751.3478 187.01348
751.59479 185.65149
751.84174 184.41705
752.08866 183.87823
752.33554 181.1012
752.58239 178.08447
752.8292 179.80571
753.07598 181.60901
753.32273 181.46306
753.56944 183.55911
753.81612 181.30697
754.06276 176.79949
754.30937 176.60797
754.55594 178.28632
754.80248 176.8391
755.04899 177.72315
755.29546 175.56006
755.5419 176.6543
755.7883 173.28315
756.03467 173.83473
756.281 172.47311
756.5273 171.0842
756.77356 170.45195
757.01979 169.17793
757.26599 168.52042
757.51215 166.04571
757.75827 165.88009
758.00437 166.73217
758.25042 167.54111
758.49645 167.64184
758.74243 164.68527
758.98839 163.9561
759.23431 161.18086
759.48019 160.67698
759.72604 160.71281
759.97186 161.44005
760.21764 160.69426
760.46338 154.14235
760.70909 157.73654
760.95477 156.29729
761.20041 154.54948
761.44602 155.15961
761.69159 153.85371
761.93713 153.30896
762.18263 152.08932
762.4281 151.44878
762.67353 151.46654
762.91893 149.63339
763.1643 150.13541
763.40963 148.41544
763.65492 147.91936
763.90018 147.49494
764.14541 146.61072
764.3906 146.85472
764.63575 145.07454
764.88087 142.84199
765.12596 140.81251
765.37101 142.25272
765.61603 142.12026
765.86101 141.39902
766.10596 140.85831
766.35087 140.323
766.59575 138.19802
766.84059 136.97966
767.0854 138.06723
767.33017 136.71931
767.57491 136.02175
767.81961 137.00673
768.06428 134.178
768.30891 135.09122
768.55351 133.85938
768.79807 133.38678
769.0426 133.28378
769.28709 131.62946
769.53155 130.06821
769.77597 130.41136
770.02036 129.66501
770.26472 128.71464
770.50903 127.82766
770.75332 126.73872
770.99756 126.10392
771.24178 125.07364
771.48595 124.49661
771.7301 125.35642
771.97421 125.0901
772.21828 125.2285
772.46232 124.87811
772.70632 124.17217
772.95029 121.41915
773.19422 122.24766
773.43812 120.62781
773.68198 119.79494
773.9258 119.09409
774.1696 118.22869
774.41335 117.89942
774.65707 118.56133
774.90076 119.07826
775.14441 117.75374
775.38803 116.13287
775.63161 115.00623
775.87515 114.46881
776.11866 115.51973
776.36214 116.83295
776.60558 116.22231
776.84898 114.95186
777.09235 111.94596
777.33569 110.99334
777.57899 110.20262
777.82225 110.68009
778.06548 110.2914
778.30867 108.35902
778.55183 106.11924
778.79495 105.29774
779.03804 104.9216
779.28109 103.1455
779.5241 104.24178
779.76708 102.64263
780.01003 103.39302
780.25294 102.93843
780.49581 101.92018
780.73865 100.40266
780.98146 101.34123
781.22423 100.79913
781.46696 100.04986
781.70966 100.87089
781.95232 99.399456
782.19494 99.016384
782.43754 98.359899
782.68009 99.216652
782.92261 99.669131
783.1651 99.383359
783.40755 98.689751
783.64996 97.427027
783.89234 96.544038
784.13468 94.421648
784.37699 94.709619
784.61926 94.645704
784.86149 94.950442
785.10369 95.341939
785.34586 93.168214
785.58799 92.83553
785.83008 93.116143
786.07214 94.009824
786.31416 92.170594
786.55615 92.469885
786.7981 93.044093
787.04001 93.131526
787.28189 92.609094
787.52374 92.85564
787.76554 92.413267
788.00732 90.631826
788.24905 90.178761
788.49076 88.946464
788.73242 88.466646
788.97405 88.706697
789.21564 86.445871
789.4572 84.933336
789.69872 85.254015
