3.003903829999999857e+02 1.640232643851876337e-01
3.006813710000000128e+02 1.663268589412743859e-01
3.009723399999999742e+02 1.676764695268916916e-01
3.012632909999999811e+02 1.669212216194967402e-01
3.015542229999999790e+02 1.670782231063905887e-01
3.018451360000000250e+02 1.743939035195906928e-01
3.021360310000000027e+02 1.665717034735433866e-01
3.024269070000000283e+02 1.757442043184819225e-01
3.027177649999999858e+02 1.777328050331506148e-01
3.030086029999999937e+02 1.730466534811957724e-01
3.032994239999999877e+02 1.821698181377624792e-01
3.035902249999999754e+02 1.768186967603560533e-01
3.038810070000000110e+02 1.729721448673915696e-01
3.041717709999999784e+02 1.760664614660055471e-01
3.044625159999999937e+02 1.737521464987213937e-01
3.047532429999999977e+02 1.745645102881338284e-01
3.050439499999999953e+02 1.797707418294696713e-01
3.053346389999999815e+02 1.746410623405189599e-01
3.056253090000000157e+02 1.688119699951219910e-01
3.059159599999999841e+02 1.613915477873653359e-01
3.062065929999999980e+02 1.793187963687256636e-01
3.064972060000000056e+02 1.735754853501436379e-01
3.067878010000000017e+02 1.832074113310092900e-01
3.070783769999999890e+02 1.742542611293110555e-01
3.073689340000000243e+02 1.725404621759962787e-01
3.076594719999999938e+02 1.723410747705163004e-01
3.079499920000000088e+02 1.694706224711588494e-01
3.082404920000000175e+02 1.638172874098105525e-01
3.085309740000000147e+02 1.722500041433764617e-01
3.088214370000000031e+02 1.744661667824008999e-01
3.091118809999999826e+02 1.701918173015521119e-01
3.094023060000000100e+02 1.719404431497774388e-01
3.096927119999999718e+02 1.732704571411237127e-01
3.099830989999999815e+02 1.704053115732427626e-01
3.102734669999999824e+02 1.712381597059484672e-01
3.105638159999999743e+02 1.663829936463696868e-01
3.108541470000000118e+02 1.678930637059955489e-01
3.111444579999999860e+02 1.709637980215500397e-01
3.114347500000000082e+02 1.656611895035282889e-01
3.117250240000000190e+02 1.786571164388542909e-01
3.120152780000000234e+02 1.600893228320892370e-01
3.123055130000000190e+02 1.680889842679974266e-01
3.125957300000000032e+02 1.757613011144937565e-01
3.128859269999999810e+02 1.780477303040555181e-01
3.131761060000000043e+02 1.710275147039650168e-01
3.134662650000000212e+02 1.691225144639625366e-01
3.137564049999999725e+02 1.702118096300953565e-01
3.140465259999999716e+02 1.757457963510775933e-01
3.143366280000000188e+02 1.815721807425768608e-01
3.146267110000000002e+02 1.766567532524883632e-01
3.149167749999999728e+02 1.797270273460222778e-01
3.152068199999999933e+02 1.713131564767787496e-01
3.154968460000000050e+02 1.791768633368059915e-01
3.157868530000000078e+02 1.724662914212969911e-01
3.160768400000000042e+02 1.720613431374149183e-01
3.163668089999999893e+02 1.795138911021437467e-01
3.166567580000000248e+02 1.790789431316441860e-01
3.169466879999999946e+02 1.795707937010772581e-01
3.172365990000000124e+02 1.767314417795394499e-01
3.175264910000000214e+02 1.783007129840863680e-01
3.178163630000000239e+02 1.775470884301848795e-01
3.181062170000000151e+02 1.826554757717337441e-01
3.183960509999999999e+02 1.750822987245304607e-01
3.186858659999999759e+02 1.729985133076405168e-01
3.189756619999999998e+02 1.763189909166624492e-01
3.192654380000000174e+02 1.744916446529296561e-01
3.195551960000000236e+02 1.938397048795296451e-01
3.198449340000000234e+02 1.780484324099315119e-01
3.201346530000000143e+02 1.759820614157937280e-01
3.204243519999999990e+02 1.800161203384526287e-01
3.207140329999999722e+02 1.887971438027205850e-01
3.210036939999999959e+02 1.817101797467710056e-01
3.212933350000000132e+02 1.789519424309193307e-01
3.215829580000000192e+02 1.666971042690616467e-01
3.218725610000000188e+02 1.843068341493560025e-01
3.221621450000000095e+02 1.916052218802176133e-01
3.224517089999999939e+02 1.951799400295463893e-01
3.227412540000000263e+02 2.004562002653314245e-01
3.230307799999999929e+02 1.855033197219828622e-01
3.233202860000000101e+02 1.757580857293897791e-01
3.236097740000000158e+02 1.915080862630178793e-01
3.238992410000000177e+02 1.923966670404997914e-01
3.241886890000000108e+02 1.975814767503029368e-01
3.244781179999999949e+02 1.938498089586409845e-01
3.247675280000000271e+02 1.985948015849646753e-01
3.250569179999999960e+02 2.002739490059616545e-01
3.253462890000000129e+02 1.968091727473524899e-01
3.256356400000000235e+02 1.888095156787676365e-01
3.259249720000000252e+02 1.931905247902427070e-01
3.262142840000000206e+02 2.022903324217371901e-01
3.265035770000000070e+02 2.024792068996876249e-01
3.267928499999999872e+02 1.981164464698076944e-01
3.270821040000000153e+02 2.003355849480643602e-01
3.273713379999999802e+02 2.056707413047710875e-01
3.276605529999999931e+02 1.953178007613122491e-01
3.279497489999999971e+02 2.030970349250647844e-01
3.282389249999999947e+02 1.994586797775936282e-01
3.285280809999999860e+02 2.013461545933659946e-01
3.288172180000000253e+02 2.033161861174027363e-01
3.291063350000000014e+02 1.919196212256983891e-01
3.293954330000000255e+02 1.956664626006645868e-01
3.296845109999999863e+02 2.027902126114788373e-01
3.299735699999999952e+02 1.917519750377124355e-01
3.302626089999999976e+02 1.918802053979953848e-01
3.305516279999999938e+02 2.083910915283972431e-01
3.308406279999999811e+02 2.001080413320243112e-01
3.311296080000000188e+02 1.979436090780076485e-01
3.314185689999999909e+02 1.950504659500291726e-01
3.317075100000000134e+02 2.040478039948089850e-01
3.319964309999999728e+02 1.917065389238734874e-01
3.322853329999999801e+02 2.040658050096156306e-01
3.325742149999999810e+02 2.132440382228965592e-01
3.328630769999999757e+02 2.035280210014704660e-01
3.331519200000000183e+02 1.961351306807892492e-01
3.334407429999999977e+02 2.000881816900713372e-01
3.337295460000000276e+02 2.073722272129501221e-01
3.340183289999999943e+02 1.937488486922244180e-01
3.343070930000000089e+02 2.078427032351269632e-01
3.345958370000000173e+02 2.091646899566494411e-01
3.348845620000000167e+02 2.026752062466433413e-01
3.351732660000000124e+02 2.089791115878554539e-01
3.354619509999999991e+02 2.203187439079374588e-01
3.357506159999999795e+02 1.989737579425490399e-01
3.360392620000000079e+02 2.118990721760630747e-01
3.363278869999999756e+02 2.180876516495339756e-01
3.366164929999999913e+02 2.206453030610106281e-01
3.369050790000000006e+02 2.175706623459942035e-01
3.371936450000000036e+02 2.181326008407237227e-01
3.374821919999999977e+02 2.161413405509526320e-01
3.377707179999999880e+02 2.070993526344616920e-01
3.380592250000000263e+02 1.957149827460380465e-01
3.383477120000000014e+02 2.155555271430146802e-01
3.386361790000000269e+02 2.255971477988143181e-01
3.389246259999999893e+02 2.231222337072165662e-01
3.392130530000000022e+02 2.299158452765267813e-01
3.395014600000000087e+02 2.321062279299478948e-01
3.397898480000000063e+02 2.103830295754142987e-01
3.400782150000000001e+02 2.152564210303358205e-01
3.403665629999999851e+02 2.180241205068804422e-01
3.406548910000000205e+02 2.388508794912077016e-01
3.409431979999999953e+02 2.163946492751968598e-01
3.412314860000000181e+02 2.381176430310306125e-01
3.415197539999999776e+02 2.298040939422364426e-01
3.418080019999999877e+02 2.214843704805609104e-01
3.420962299999999914e+02 2.403169263164897929e-01
3.423844379999999887e+02 2.194493086629913103e-01
3.426726259999999797e+02 2.319416149811903416e-01
3.429607940000000212e+02 2.312479802632482484e-01
3.432489419999999996e+02 2.269292463943640981e-01
3.435370700000000284e+02 2.482647643763175593e-01
3.438251779999999940e+02 2.432648998944650642e-01
3.441132660000000101e+02 2.347372724338879779e-01
3.444013340000000198e+02 2.542479315966193476e-01
3.446893810000000258e+02 2.483341880450272987e-01
3.449774090000000228e+02 2.475705460330928642e-01
3.452654170000000136e+02 2.254877958526793902e-01
3.455534040000000005e+02 2.447783976662289140e-01
3.458413719999999785e+02 2.686215367717804670e-01
3.461293190000000095e+02 2.544941151669186108e-01
3.464172469999999748e+02 2.623251805924401436e-01
3.467051539999999932e+02 2.557888579264576689e-01
3.469930410000000052e+02 2.790746619491886182e-01
3.472809080000000108e+02 2.458432943050745390e-01
3.475687540000000126e+02 2.512938467231601303e-01
3.478565810000000056e+02 2.875823777752499200e-01
3.481443869999999947e+02 2.746833788587235703e-01
3.484321739999999750e+02 2.677504903507562650e-01
3.487199400000000082e+02 2.802116526255127860e-01
3.490076859999999783e+02 2.544224055090887893e-01
3.492954110000000014e+02 2.630966783487871941e-01
3.495831170000000157e+02 2.728099223467723711e-01
3.498708020000000261e+02 2.711143027115889281e-01
3.501584669999999733e+02 3.052041676657671898e-01
3.504461120000000278e+02 2.911325804245090132e-01
3.507337360000000217e+02 2.985092544048084107e-01
3.510213400000000092e+02 2.966314314518037065e-01
3.513089239999999904e+02 3.097040765164571496e-01
3.515964880000000221e+02 2.791305348322535851e-01
3.518840309999999931e+02 3.074548241677980687e-01
3.521715540000000146e+02 3.192344931472690384e-01
3.524590569999999730e+02 3.161630659413166566e-01
3.527465399999999818e+02 2.987563725084856348e-01
3.530340019999999868e+02 3.117925346385185814e-01
3.533214429999999879e+02 3.032089952859972626e-01
3.536088649999999802e+02 3.061366144755587881e-01
3.538962660000000255e+02 3.200653219772153779e-01
3.541836470000000077e+02 2.898510030381090674e-01
3.544710069999999860e+02 3.170035323576270714e-01
3.547583470000000148e+02 3.000737126248381181e-01
3.550456669999999804e+02 3.236801858502182383e-01
3.553329659999999990e+02 3.372058506253667876e-01
3.556202440000000138e+02 3.942304082845798918e-01
3.559075030000000197e+02 3.476863075643424894e-01
3.561947410000000218e+02 2.743675114797786696e-01
3.564819580000000201e+02 3.176390386425992918e-01
3.567691550000000120e+02 3.441184701008794256e-01
3.570563319999999976e+02 3.656307549460435791e-01
3.573434879999999794e+02 3.841875127948422008e-01
3.576306230000000141e+02 3.533342895150330398e-01
3.579177379999999857e+02 3.708686803770575025e-01
3.582048330000000078e+02 3.999568349859716210e-01
3.584919070000000261e+02 4.158594177865224673e-01
3.587789609999999811e+02 3.788823467746383344e-01
3.590659939999999892e+02 3.833691765795644302e-01
3.593530059999999935e+02 4.003289849402156819e-01
3.596399979999999914e+02 4.447297348125487937e-01
3.599269699999999830e+02 4.359720225047474806e-01
3.602139210000000276e+02 4.424757271801038061e-01
3.605008510000000115e+02 3.888589915141343334e-01
3.607877609999999891e+02 3.901049512867094116e-01
3.610746500000000196e+02 3.856549829943001773e-01
3.613615179999999896e+02 3.864801263614379701e-01
3.616483660000000100e+02 4.092370838829763047e-01
3.619351930000000266e+02 4.135278242887367450e-01
3.622219999999999800e+02 4.331760077224043326e-01
3.625087859999999864e+02 4.650598129368334055e-01
3.627955509999999890e+02 4.804889004845215861e-01
3.630822959999999853e+02 4.604466390745331483e-01
3.633690199999999777e+02 4.754427312308422970e-01
3.636557230000000231e+02 4.988163190442791439e-01
3.639424060000000054e+02 4.505308236963384561e-01
3.642290679999999838e+02 4.640350465294653670e-01
3.645157090000000153e+02 4.418883641587431077e-01
3.648023299999999836e+02 4.590271889796437299e-01
3.650889300000000048e+02 4.694074352219490542e-01
3.653755090000000223e+02 4.355156547356392460e-01
3.656620669999999791e+02 4.685162314425596608e-01
3.659486049999999864e+02 5.235899660587225446e-01
3.662351219999999898e+02 5.130162928509960363e-01
3.665216179999999895e+02 4.600330070506566948e-01
3.668080929999999853e+02 4.737495305363607634e-01
3.670945479999999748e+02 4.768246836749921447e-01
3.673809810000000198e+02 5.517064987931883380e-01
3.676673940000000016e+02 5.639164155058585814e-01
3.679537859999999796e+02 5.518237668003433960e-01
3.682401580000000081e+02 5.710370895853320583e-01
3.685265079999999784e+02 5.794099939049477399e-01
3.688128379999999993e+02 5.376866901193158021e-01
3.690991460000000188e+02 5.868435177963192695e-01
3.693854339999999752e+02 5.626631372637543871e-01
3.696717009999999846e+02 6.228519809214221326e-01
3.699579469999999901e+02 6.168531893886811668e-01
3.702441729999999893e+02 5.629961187664928035e-01
3.705303769999999872e+02 5.987766856277909611e-01
3.708165599999999813e+02 6.414574776804181644e-01
3.711027230000000259e+02 5.491144264558136534e-01
3.713888640000000123e+02 5.798173645954102229e-01
3.716749849999999924e+02 6.212712977579286644e-01
3.719610850000000255e+02 6.064266628769149348e-01
3.722471630000000005e+02 5.754176216044496472e-01
3.725332210000000259e+02 6.170409400714004233e-01
3.728192579999999907e+02 6.827184846247165151e-01
3.731052730000000111e+02 6.545357847096495707e-01
3.733912680000000250e+02 6.690362125361508649e-01
3.736772419999999784e+02 5.751207721828165420e-01
3.739631949999999847e+02 5.605064771717187533e-01
3.742491259999999897e+02 6.887079016781489926e-01
3.745350369999999884e+02 6.814495625466097106e-01
3.748209269999999833e+02 5.321987188798035229e-01
3.751067949999999769e+02 5.482029867499402798e-01
3.753926430000000209e+02 5.323777850426174574e-01
3.756784690000000069e+02 5.773292024394198751e-01
3.759642749999999864e+02 6.033492773352433503e-01
3.762500590000000216e+02 6.173066972056466817e-01
3.765358219999999960e+02 5.737390601973625381e-01
3.768215640000000235e+02 6.034551067179043660e-01
3.771072849999999903e+02 6.487974206873283745e-01
3.773929850000000101e+02 6.509095502945058120e-01
3.776786640000000261e+02 6.940617648103313275e-01
3.779643209999999840e+02 6.855253010046142848e-01
3.782499579999999924e+02 6.424440352762463835e-01
3.785355729999999994e+02 6.857540289461713234e-01
3.788211670000000026e+02 7.403695347614519529e-01
3.791067400000000021e+02 7.149763791442363958e-01
3.793922910000000002e+02 6.599452440810792408e-01
3.796778219999999919e+02 7.061948967646085595e-01
3.799633309999999824e+02 6.707204513215356823e-01
3.802488190000000259e+02 6.516371945440330160e-01
3.805342860000000087e+02 6.740185904612314705e-01
3.808197319999999877e+02 6.534750415139840563e-01
3.811051560000000222e+02 6.095644276371001702e-01
3.813905589999999961e+02 5.802125594515676887e-01
3.816759410000000230e+02 6.003150324427092288e-01
3.819613009999999917e+02 5.545258783057670504e-01
3.822466400000000135e+02 5.232493298099113455e-01
3.825319579999999746e+02 5.956931806176972710e-01
3.828172549999999887e+02 6.801453223885931543e-01
3.831025300000000016e+02 6.322177323618325406e-01
3.833877840000000106e+02 5.973153783166692543e-01
3.836730170000000157e+02 5.786331663993113938e-01
3.839582280000000196e+02 6.529398444727869677e-01
3.842434180000000197e+02 7.166354706871880254e-01
3.845285860000000184e+02 7.129590500187081847e-01
3.848137340000000108e+02 6.547837576688066985e-01
3.850988590000000045e+02 6.975597286194816782e-01
3.853839639999999918e+02 6.595090814923481037e-01
3.856690469999999777e+02 7.078404595196464699e-01
3.859541080000000193e+02 7.305405890701223148e-01
3.862391489999999976e+02 7.160740003142685994e-01
3.865241669999999772e+02 7.438346955992146681e-01
3.868091650000000072e+02 6.816941232470442591e-01
3.870941399999999817e+02 6.759001819659841148e-01
3.873790950000000066e+02 6.891670638992890563e-01
3.876640279999999734e+02 6.438908445347741871e-01
3.879489389999999958e+02 6.454364098381009107e-01
3.882338290000000143e+02 7.001659782904353646e-01
3.885186979999999721e+02 7.219099739447408792e-01
3.888035449999999855e+02 6.293829713646592605e-01
3.890883699999999976e+02 6.368530778103838053e-01
3.893731740000000059e+02 6.247628848348573127e-01
3.896579560000000129e+02 7.134658992102436148e-01
3.899427170000000160e+02 7.339427565898113404e-01
3.902274560000000179e+02 7.255681851433481988e-01
3.905121740000000159e+02 6.975015663073977912e-01
3.907968700000000126e+02 6.695731253715885289e-01
3.910815450000000055e+02 6.451517626309807296e-01
3.913661979999999971e+02 6.897524364317683121e-01
3.916508289999999874e+02 7.029820109162918662e-01
3.919354389999999739e+02 6.023803383129955336e-01
3.922200270000000160e+02 6.192734371075664379e-01
3.925045939999999973e+02 6.931215488687170190e-01
3.927891389999999774e+02 6.331502932858278365e-01
3.930736620000000130e+02 6.359600532092581915e-01
3.933581639999999879e+02 6.774009766483718442e-01
3.936426440000000184e+02 6.747583889370182275e-01
3.939271019999999908e+02 7.057664185540298840e-01
3.942115380000000187e+02 5.911896404134416860e-01
3.944959529999999859e+02 6.712454278082320425e-01
3.947803460000000086e+02 6.566553261913580242e-01
3.950647180000000276e+02 6.958666672711550927e-01
3.953490679999999884e+02 5.734892539738388750e-01
3.956333960000000047e+02 5.855333414213587107e-01
3.959177020000000198e+02 6.357731646419696458e-01
3.962019859999999767e+02 6.787093557581611591e-01
3.964862489999999866e+02 6.661068457504021323e-01
3.967704899999999952e+02 6.424300838608525410e-01
3.970547090000000026e+02 6.642953546691867661e-01
3.973389070000000061e+02 7.261109551603625034e-01
3.976230820000000108e+02 7.165741258920584889e-01
3.979072360000000117e+02 6.854213451806615565e-01
3.981913680000000113e+02 7.357558650285346280e-01
3.984754780000000096e+02 6.635890349195852078e-01
3.987595670000000041e+02 6.901203623725797875e-01
3.990436329999999998e+02 6.886607537622445596e-01
3.993276779999999917e+02 5.938780507457626090e-01
3.996117009999999823e+02 6.293792421180265384e-01
3.998957020000000284e+02 6.489322071475563947e-01
4.001796810000000164e+02 6.572113627679170289e-01
4.004636380000000031e+02 6.979887810809841664e-01
4.007475729999999885e+02 7.319939842573796041e-01
4.010314859999999726e+02 6.725941085171840417e-01
4.013153780000000097e+02 6.928939344545208545e-01
4.015992469999999912e+02 6.885491684070448315e-01
4.018830950000000257e+02 7.436554003852363648e-01
4.021669200000000046e+02 6.438985301201081146e-01
4.024507239999999797e+02 6.228859511513535896e-01
4.027345060000000103e+02 6.745288039126862145e-01
4.030182649999999853e+02 6.540312318229375421e-01
4.033020030000000133e+02 5.333635597221240143e-01
4.035857189999999832e+02 6.554774270074501530e-01
4.038694130000000087e+02 7.195091210900711465e-01
4.041530839999999785e+02 7.166703921186518000e-01
4.044367340000000013e+02 7.009090063280249971e-01
4.047203620000000228e+02 7.215704086904811687e-01
4.050039669999999887e+02 6.643146504011068210e-01
4.052875510000000077e+02 6.963200705753900266e-01
4.055711120000000278e+02 6.569004340428180599e-01
4.058546519999999873e+02 7.137600567108113303e-01
4.061381690000000049e+02 6.723112393050053592e-01
4.064216640000000211e+02 7.054054426761459107e-01
4.067051369999999793e+02 7.259753453683327473e-01
4.069885879999999929e+02 6.161498107356083720e-01
4.072720170000000053e+02 6.467930997957294093e-01
4.075554240000000163e+02 7.028595144417202345e-01
4.078388090000000261e+02 6.897239285445756485e-01
4.081221709999999803e+02 6.759356205756411606e-01
4.084055119999999874e+02 6.788665843282958301e-01
4.086888299999999958e+02 6.866583665270363790e-01
4.089721260000000029e+02 5.731970461595884414e-01
4.092554000000000087e+02 6.175239474799656403e-01
4.095386510000000158e+02 5.683938173026658047e-01
4.098218810000000190e+02 6.037949091851004813e-01
4.101050880000000234e+02 6.328204815144660156e-01
4.103882730000000265e+02 6.956603304252322317e-01
4.106714360000000283e+02 6.862633506900688296e-01
4.109545759999999746e+02 6.459165666481289092e-01
4.112376949999999738e+02 6.087670334583691334e-01
4.115207909999999742e+02 6.904570236789469018e-01
4.118038639999999759e+02 6.783012023362887666e-01
4.120869159999999738e+02 7.080906453875785989e-01
4.123699449999999729e+02 6.974230385428157319e-01
4.126529520000000275e+02 7.555193139087612586e-01
4.129359370000000240e+02 7.166827635225089255e-01
4.132188990000000217e+02 7.004699894234561741e-01
4.135018390000000181e+02 6.757051082925503716e-01
4.137847570000000132e+02 6.912219694401599002e-01
4.140676520000000096e+02 6.763030506169482869e-01
4.143505250000000046e+02 7.089096227167630548e-01
4.146333750000000009e+02 6.930401390784700633e-01
4.149162039999999934e+02 6.815199794582816883e-01
4.151990089999999896e+02 6.085978601431378809e-01
4.154817929999999819e+02 6.645167239242931734e-01
4.157645539999999755e+02 7.036345254589199127e-01
4.160472920000000272e+02 7.224801389729261780e-01
4.163300090000000182e+02 6.628324586320578637e-01
4.166127020000000130e+02 6.640518708396164760e-01
4.168953740000000039e+02 6.743258154434155216e-01
4.171780229999999960e+02 6.593722620778640353e-01
4.174606489999999894e+02 6.860596127407657674e-01
4.177432529999999815e+02 6.617567350234780932e-01
4.180258339999999748e+02 6.854386257426925422e-01
4.183083930000000237e+02 6.511446918893868396e-01
4.185909300000000144e+02 6.039356062004193060e-01
4.188734440000000063e+02 5.790468971414973742e-01
4.191559349999999995e+02 6.547629355766920733e-01
4.194384039999999914e+02 6.598424776976271611e-01
4.197208509999999819e+02 6.629810499929867929e-01
4.200032749999999737e+02 6.532048146134212807e-01
4.202856760000000236e+02 5.971023607039787073e-01
4.205680550000000153e+02 5.291904972813077368e-01
4.208504110000000082e+02 6.282228418787109137e-01
4.211327449999999999e+02 6.583676640805459224e-01
4.214150559999999928e+02 6.088183755516697326e-01
4.216973439999999869e+02 6.153563943374491529e-01
4.219796099999999797e+02 6.680593328400825648e-01
4.222618529999999737e+02 7.152267096716511396e-01
4.225440740000000233e+02 6.017512202043557856e-01
4.228262720000000172e+02 5.969336908308742196e-01
4.231084470000000124e+02 5.663450393492565071e-01
4.233906000000000063e+02 5.871642718075243961e-01
4.236727300000000014e+02 5.868550421654745719e-01
4.239548369999999977e+02 5.724376063028820960e-01
4.242369219999999927e+02 6.580807423495501629e-01
4.245189839999999890e+02 6.558271893772595895e-01
4.248010229999999865e+02 7.224949764347932124e-01
4.250830399999999827e+02 7.099536172850360316e-01
4.253650329999999826e+02 6.717938231032143381e-01
4.256470039999999813e+02 6.179344028818226642e-01
4.259289529999999786e+02 6.942472551132007341e-01
4.262108779999999797e+02 6.672056114092889123e-01
4.264927809999999795e+02 7.571608630841533127e-01
4.267746609999999805e+02 6.544491561207553820e-01
4.270565189999999802e+02 7.617333452047427844e-01
4.273383529999999837e+02 6.747998542450664994e-01
4.276201649999999859e+02 6.180274927808085961e-01
4.279019539999999893e+02 6.822784852131731359e-01
4.281837199999999939e+02 6.722138923044642667e-01
4.284654629999999997e+02 7.047536553499620382e-01
4.287471840000000043e+02 7.528418432031470653e-01
4.290288810000000126e+02 7.032434959810983655e-01
4.293105560000000196e+02 6.784928912416978708e-01
4.295922080000000278e+02 6.986596050262213753e-01
4.298738369999999804e+02 6.706241038902555074e-01
4.301554429999999911e+02 7.486025117773105197e-01
4.304370260000000030e+02 6.279278558124640197e-01
4.307185870000000136e+02 6.535999560348624282e-01
4.310001240000000280e+02 6.231965004849344680e-01
4.312816389999999842e+02 7.470777870964894207e-01
4.315631300000000010e+02 7.018530200010199005e-01
4.318445990000000165e+02 6.537471252706008595e-01
4.321260449999999764e+02 6.623435765766755301e-01
4.324074669999999969e+02 6.734105342021103890e-01
4.326888670000000161e+02 6.457074783012416441e-01
4.329702439999999797e+02 7.061601030124831091e-01
4.332515980000000013e+02 7.250953147865042414e-01
4.335329290000000242e+02 6.831518359554858977e-01
4.338142359999999940e+02 6.608575382127457321e-01
4.340955210000000193e+02 6.650662230641436468e-01
4.343767829999999890e+02 7.286099238411650747e-01
4.346580220000000168e+02 6.887892766813860090e-01
4.349392379999999889e+02 6.431724420226586636e-01
4.352204300000000217e+02 6.998330213276460210e-01
4.355015999999999963e+02 7.208706147107762918e-01
4.357827459999999746e+02 6.974276807238966036e-01
4.360638700000000085e+02 6.694793455270589000e-01
4.363449699999999893e+02 6.160092457873781457e-01
4.366260480000000257e+02 6.002657242392039905e-01
4.369071020000000090e+02 6.021214423588334697e-01
4.371881329999999934e+02 6.705492447747610774e-01
4.374691409999999792e+02 6.677943485293124093e-01
4.377501260000000229e+02 6.911319802187939620e-01
4.380310870000000136e+02 6.822878271719684529e-01
4.383120260000000030e+02 6.820812016655077858e-01
4.385929409999999962e+02 5.731394136587359966e-01
4.388738329999999905e+02 6.652333208439347167e-01
4.391547019999999861e+02 7.093969869772031034e-01
4.394355479999999829e+02 7.433284637426234021e-01
4.397163709999999810e+02 6.712710802325366766e-01
4.399971699999999828e+02 6.126204037617315468e-01
4.402779459999999858e+02 6.159790179625826978e-01
4.405586989999999901e+02 6.472724668050715557e-01
4.408394289999999955e+02 6.497208912693860361e-01
4.411201350000000048e+02 6.296847063663576494e-01
4.414008190000000127e+02 6.627218160371515232e-01
4.416814790000000244e+02 6.538118774245339493e-01
4.419621149999999830e+02 6.205575198212929244e-01
4.422427289999999971e+02 6.639167579265544683e-01
4.425233190000000150e+02 6.566889066907446448e-01
4.428038849999999798e+02 7.139383315363531102e-01
4.430844290000000001e+02 7.026660011795086147e-01
4.433649490000000242e+02 7.172636493741254560e-01
4.436454459999999926e+02 7.282166477406256666e-01
4.439259190000000217e+02 6.695992370530650106e-01
4.442063689999999951e+02 7.517619314160893795e-01
4.444867960000000267e+02 7.747992341799848637e-01
4.447672000000000025e+02 7.057460499141675614e-01
4.450475799999999822e+02 6.622081409723097334e-01
4.453279360000000224e+02 5.741580714179526090e-01
4.456082690000000071e+02 6.319424634700532284e-01
4.458885789999999929e+02 6.650661984940395843e-01
4.461688659999999800e+02 7.523835710201013383e-01
4.464491290000000276e+02 6.322443736940064341e-01
4.467293680000000222e+02 6.531182477659402963e-01
4.470095840000000180e+02 6.968730458610106204e-01
4.472897770000000151e+02 7.435498473290085286e-01
4.475699460000000158e+02 6.658410088712093389e-01
4.478500920000000178e+02 7.662615712980922478e-01
4.481302140000000236e+02 6.993518440061616825e-01
4.484103129999999737e+02 6.723439377501427838e-01
4.486903879999999845e+02 7.061012367950211255e-01
4.489704399999999964e+02 6.842848565632967395e-01
4.492504680000000121e+02 5.776259540922509261e-01
4.495304719999999747e+02 6.111682943751504116e-01
4.498104539999999929e+02 7.384152956507729071e-01
4.500904110000000173e+02 7.487372809505249416e-01
4.503703449999999862e+02 7.539239774258231774e-01
4.506502560000000130e+02 6.957037724771185649e-01
4.509301419999999894e+02 7.830646327486978642e-01
4.512100060000000212e+02 6.728934834074419280e-01
4.514898450000000025e+02 6.312637255595997532e-01
4.517696609999999851e+02 7.061797565968251922e-01
4.520494540000000256e+02 6.468960477715317570e-01
4.523292230000000131e+02 6.805184116929567928e-01
4.526089680000000044e+02 6.904419957415612874e-01
4.528886899999999969e+02 7.845292537610151218e-01
4.531683869999999956e+02 7.367118868117986663e-01
4.534480619999999931e+02 6.592377409786714937e-01
4.537277119999999968e+02 7.716726495426441401e-01
4.540073390000000018e+02 8.026701367480850724e-01
4.542869420000000105e+02 6.950218192451129706e-01
4.545665220000000204e+02 7.252371541715455505e-01
4.548460779999999772e+02 7.989116979834852694e-01
4.551256099999999947e+02 8.087697085552397747e-01
4.554051180000000159e+02 7.457785714070326311e-01
4.556846029999999814e+02 6.728601108405007913e-01
4.559640640000000076e+02 6.908059958585541782e-01
4.562435009999999806e+02 7.291817383288935472e-01
4.565229140000000143e+02 7.479739407771830439e-01
4.568023039999999924e+02 6.316484708356273625e-01
4.570816689999999767e+02 7.135442184815921074e-01
4.573610110000000191e+02 7.077423738715248325e-01
4.576403300000000058e+02 6.841766020745223553e-01
4.579196239999999989e+02 7.103294002660434092e-01
4.581988939999999957e+02 7.772797098980511743e-01
4.584781409999999937e+02 7.289537300999108238e-01
4.587573639999999955e+02 7.514402131734971846e-01
4.590365630000000010e+02 7.947630046498314060e-01
4.593157380000000103e+02 7.680202871192062242e-01
4.595948900000000208e+02 7.441184703974085268e-01
4.598740169999999807e+02 7.705087650397093313e-01
4.601531200000000013e+02 7.512050373589668206e-01
4.604322000000000230e+02 7.364915123250895812e-01
4.607112559999999917e+02 7.168053077995372169e-01
4.609902880000000209e+02 7.428132241427987115e-01
4.612692959999999971e+02 7.917038740644064543e-01
4.615482789999999795e+02 7.375776466205229420e-01
4.618272390000000200e+02 7.464145487473859975e-01
4.621061760000000049e+02 7.866680418063606295e-01
4.623850879999999961e+02 7.751774275875988884e-01
4.626639759999999910e+02 6.077292959563170838e-01
4.629428399999999897e+02 7.336798010386750279e-01
4.632216799999999921e+02 7.616274446762444361e-01
4.635004959999999983e+02 7.438527057507432483e-01
4.637792880000000082e+02 7.974278112858960155e-01
4.640580560000000219e+02 8.103141967821289038e-01
4.643367999999999824e+02 8.179202111738531622e-01
4.646155210000000011e+02 7.833170610120239186e-01
4.648942170000000260e+02 7.499036988643122958e-01
4.651728880000000004e+02 8.004258602151979041e-01
4.654515359999999760e+02 7.903950483483193068e-01
4.657301600000000121e+02 7.828493116959982512e-01
4.660087599999999952e+02 7.741802395465769981e-01
4.662873349999999846e+02 7.562255980128671506e-01
4.665658869999999752e+02 7.288913996194145151e-01
4.668444139999999720e+02 7.773518495142838214e-01
4.671229180000000270e+02 7.474177182681158715e-01
4.674013969999999745e+02 7.731371943519254053e-01
4.676798519999999826e+02 7.166270648898497297e-01
4.679582829999999944e+02 7.657507538892615040e-01
4.682366890000000126e+02 7.776153102912494175e-01
4.685150719999999751e+02 7.755076661155655415e-01
4.687934300000000007e+02 7.418217664371745679e-01
4.690717639999999733e+02 7.411881018939698862e-01
4.693500740000000064e+02 8.087252744896411549e-01
4.696283599999999865e+02 7.753025307627591234e-01
4.699066209999999728e+02 7.371885789969707670e-01
4.701848590000000172e+02 7.037679462795162211e-01
4.704630720000000110e+02 8.096240852666678478e-01
4.707412610000000086e+02 7.893222998487419151e-01
4.710194250000000125e+02 7.639634204965174424e-01
4.712975650000000201e+02 8.002191143055644718e-01
4.715756809999999746e+02 8.011683123751629498e-01
4.718537729999999897e+02 8.167812401767344799e-01
4.721318410000000085e+02 7.481678859460401121e-01
4.724098839999999768e+02 8.082537003188374758e-01
4.726879030000000057e+02 7.635209061115122431e-01
4.729658969999999840e+02 8.271764925813169800e-01
4.732438670000000229e+02 7.894439124580719946e-01
4.735218130000000087e+02 7.279650338166423484e-01
4.737997349999999983e+02 6.860057612478654976e-01
4.740776319999999942e+02 7.992311058514540711e-01
4.743555039999999963e+02 7.956120009952339922e-01
4.746333529999999996e+02 7.790476249217507254e-01
4.749111770000000092e+02 7.739118409763280360e-01
4.751889760000000251e+02 7.709810197742635873e-01
4.754667519999999854e+02 7.698449293404447946e-01
4.757445020000000113e+02 7.813090310262472693e-01
4.760222289999999816e+02 7.760408623812504736e-01
4.762999310000000150e+02 7.553247365574462524e-01
4.765776079999999979e+02 7.486654667398153773e-01
4.768552609999999845e+02 7.532587015064458047e-01
4.771328899999999749e+02 7.572429789326707850e-01
4.774104940000000283e+02 7.509119151670381465e-01
4.776880729999999744e+02 7.534043322172367940e-01
4.779656279999999811e+02 7.470710371729043509e-01
4.782431589999999915e+02 7.449247201840496491e-01
4.785206650000000081e+02 7.490611385473281425e-01
4.787981469999999717e+02 7.342550892010393238e-01
4.790756039999999985e+02 7.353526899702631514e-01
4.793530359999999746e+02 7.335443904258226455e-01
4.796304440000000113e+02 7.439034507619178838e-01
4.799078279999999950e+02 7.377386562670248393e-01
4.801851869999999849e+02 7.372361661368701524e-01
4.804625209999999811e+02 7.359895983450203127e-01
4.807398309999999810e+02 7.334291584037919698e-01
4.810171159999999873e+02 7.335400291734334166e-01
4.812943759999999997e+02 7.286267354375481897e-01
4.815716120000000160e+02 7.380700342192335617e-01
4.818488229999999817e+02 7.311763090920494479e-01
4.821260100000000079e+02 7.270659513570271182e-01
4.824031719999999837e+02 7.306036045753604435e-01
4.826803090000000225e+02 7.251330960257099667e-01
4.829574220000000082e+02 7.279465670151444856e-01
4.832345100000000002e+02 7.154653554170735674e-01
4.835115729999999985e+02 7.144202347176670242e-01
4.837886120000000005e+02 7.150734689656287335e-01
4.840656260000000088e+02 7.161481980483495047e-01
4.843426150000000234e+02 7.074885747070955855e-01
4.846195789999999874e+02 7.089405397481950422e-01
4.848965190000000121e+02 7.111557885183933392e-01
4.851734339999999861e+02 7.087443572369040989e-01
4.854503250000000207e+02 6.421231053889021601e-01
4.857271900000000073e+02 6.992705690553756570e-01
4.860040309999999977e+02 6.973387481990478420e-01
4.862808469999999943e+02 6.944066538234042740e-01
4.865576379999999972e+02 6.979474027706292771e-01
4.868344050000000038e+02 7.000966446132428356e-01
4.871111460000000193e+02 6.841716410248798175e-01
4.873878629999999816e+02 6.873351699926218972e-01
4.876645550000000071e+02 6.832871376028193389e-01
4.879412219999999820e+02 6.815127998438114121e-01
4.882178640000000200e+02 6.789510369256850364e-01
4.884944820000000050e+02 6.819020004396147971e-01
4.887710749999999962e+02 6.836813112489038557e-01
4.890476419999999962e+02 6.782995525270729686e-01
4.893241849999999999e+02 6.745169812103986029e-01
4.896007030000000100e+02 6.731694158957960417e-01
4.898771960000000263e+02 6.694833322408861864e-01
4.901536639999999920e+02 6.714904831071313307e-01
4.904301080000000184e+02 6.741263558744843287e-01
4.907065259999999967e+02 6.661219669412810074e-01
4.909829199999999787e+02 6.628900515556199746e-01
4.912592880000000264e+02 6.623806260459008666e-01
4.915356320000000210e+02 6.570954002981168607e-01
4.918119500000000244e+02 6.589603032236590607e-01
4.920882439999999747e+02 6.493644653757516538e-01
4.923645119999999906e+02 6.456424471473229953e-01
4.926407560000000103e+02 6.407996591447056023e-01
4.929169749999999794e+02 6.417473605521695212e-01
4.931931680000000142e+02 6.366533959479453442e-01
4.934693369999999959e+02 6.481520463959437039e-01
4.937454799999999864e+02 6.366112223277587967e-01
4.940215989999999806e+02 6.339474568570859780e-01
4.942976919999999836e+02 6.314876578142000207e-01
4.945737609999999904e+02 6.254054571537696061e-01
4.948498040000000060e+02 6.247452497491412515e-01
4.951258220000000279e+02 6.269697899613275727e-01
4.954018159999999966e+02 6.254149126199034514e-01
4.956777839999999742e+02 6.233367969560521527e-01
4.959537270000000149e+02 6.260331453361787091e-01
4.962296450000000050e+02 6.203554969823721343e-01
4.965055370000000039e+02 6.205301552986656199e-01
4.967814050000000066e+02 6.137216128089109102e-01
4.970572480000000155e+02 6.187082506491943246e-01
4.973330649999999764e+02 6.157070063734993992e-01
4.976088570000000004e+02 6.131380097326084577e-01
4.978846239999999739e+02 6.181301677497909042e-01
4.981603660000000104e+02 6.078815674056939899e-01
4.984360829999999964e+02 6.117901636095601781e-01
4.987117739999999912e+02 6.058421527986940225e-01
4.989874399999999923e+02 6.075853982840393464e-01
4.992630809999999997e+02 6.039426655026168822e-01
4.995386970000000133e+02 6.030915596275885360e-01
4.998142879999999764e+02 5.987211869101840556e-01
5.000898530000000051e+02 6.009719154674678654e-01
5.003653929999999832e+02 5.955076266815593211e-01
5.006409080000000245e+02 5.979447217124712610e-01
5.009163970000000177e+02 5.915059321227669198e-01
5.011918620000000146e+02 5.894136768402055138e-01
5.014673010000000204e+02 5.852048278047526919e-01
5.017427139999999781e+02 5.888643268639009998e-01
5.020181029999999964e+02 5.877399567978427442e-01
5.022934660000000235e+02 5.792056367543538808e-01
5.025688030000000026e+02 5.825629108083063556e-01
5.028441159999999854e+02 5.860539526473254046e-01
5.031194029999999771e+02 5.797191430929140576e-01
5.033946649999999750e+02 5.785820396893003315e-01
5.036699009999999817e+02 5.770696583224879106e-01
5.039451119999999946e+02 5.733084607198389859e-01
5.042202970000000164e+02 5.769883198285894466e-01
5.044954569999999876e+02 5.741857965849479495e-01
5.047705920000000219e+02 5.730464680326169402e-01
5.050457020000000057e+02 5.760801621767667191e-01
5.053207850000000008e+02 5.755800936199821916e-01
5.055958439999999996e+02 5.691023069916434363e-01
5.058708770000000072e+02 5.745044961638952064e-01
5.061458850000000211e+02 5.708340419978225055e-01
5.064208669999999870e+02 5.732258155717758763e-01
5.066958230000000185e+02 5.666035573378135348e-01
5.069707539999999995e+02 5.683040707256249435e-01
5.072456599999999867e+02 5.638635534730772614e-01
5.075205399999999827e+02 5.629029563510954404e-01
5.077953949999999850e+02 5.655329500334820292e-01
5.080702239999999961e+02 5.616404120287826762e-01
5.083450280000000134e+02 5.618484174101396889e-01
5.086198059999999828e+02 5.645394871813624871e-01
5.088945580000000177e+02 5.646383917361735838e-01
5.091692850000000021e+02 5.637916966119725926e-01
5.094439869999999928e+02 5.625156802477370155e-01
5.097186629999999923e+02 5.601089562894937535e-01
5.099933130000000006e+02 5.584983186267900024e-01
5.102679380000000151e+02 5.554744673228084739e-01
5.105425369999999816e+02 5.564638566167521283e-01
5.108171100000000138e+02 5.593701456754651691e-01
5.110916579999999954e+02 5.558954051629478865e-01
5.113661799999999857e+02 5.572385040871363771e-01
5.116406769999999824e+02 5.557916288987092557e-01
5.119151479999999879e+02 5.577890586709195464e-01
5.121895929999999453e+02 5.559690247538457974e-01
5.124640120000000252e+02 5.548053793645624232e-01
5.127384060000000545e+02 5.500181790503275714e-01
5.130127750000000333e+02 5.523248372034474940e-01
5.132871169999999665e+02 5.512960128109938296e-01
5.135614339999999629e+02 5.523858561996149996e-01
5.138357250000000249e+02 5.562677627689740500e-01
5.141099900000000389e+02 5.505866950037527907e-01
5.143842300000000023e+02 5.489078941478634510e-01
5.146584440000000313e+02 5.521851364261088912e-01
5.149326320000000123e+02 5.513825879434446353e-01
5.152067950000000565e+02 5.486010860735435202e-01
5.154809310000000551e+02 5.460949135820500899e-01
5.157550420000000031e+02 5.524686105197161856e-01
5.160291270000000168e+02 5.456753275629178113e-01
5.163031859999999824e+02 5.469126664997832066e-01
5.165772200000000112e+02 5.511955500318070911e-01
5.168512269999999944e+02 5.582279694033879247e-01
5.171252090000000408e+02 5.557777085564532538e-01
5.173991650000000391e+02 5.479830570713295490e-01
5.176730949999999893e+02 5.506228707965368230e-01
5.179470000000000027e+02 5.507143373194892666e-01
5.182208779999999706e+02 5.537457708017341496e-01
5.184947300000000041e+02 5.503538493690079969e-01
5.187685569999999871e+02 5.461041214236611596e-01
5.190423580000000356e+02 5.588218893975490653e-01
5.193161330000000362e+02 5.534658283432392079e-01
5.195898819999999887e+02 5.481336696763475791e-01
5.198636050000000068e+02 5.513799995432041579e-01
5.201373019999999769e+02 5.543208653296683996e-01
5.204109730000000127e+02 5.571440706854079439e-01
5.206846180000000004e+02 5.550481190556038058e-01
5.209582370000000537e+02 5.542184010698079089e-01
5.212318299999999454e+02 5.562553802767202793e-01
5.215053980000000138e+02 5.556721604358267896e-01
5.217789390000000367e+02 5.559522528175285805e-01
5.220524540000000115e+02 5.548312885847584974e-01
5.223259430000000521e+02 5.571738090064320970e-01
5.225994070000000420e+02 5.586078989450565802e-01
5.228728439999999864e+02 5.622255131242834825e-01
5.231462549999999965e+02 5.654517978938646827e-01
5.234196399999999585e+02 5.663629897836067739e-01
5.236929989999999862e+02 5.596071547103077526e-01
5.239663319999999658e+02 5.631507765835800372e-01
5.242396390000000110e+02 5.630998167777147012e-01
5.245129200000000083e+02 5.643966376173848998e-01
5.247861749999999574e+02 5.658467811821634719e-01
5.250594039999999723e+02 5.691236957369258942e-01
5.253326060000000552e+02 5.689602393835232474e-01
5.256057829999999740e+02 5.660536346374601679e-01
5.258789329999999609e+02 5.718770785550969515e-01
5.261520570000000134e+02 5.662998429552396074e-01
5.264251550000000179e+02 5.736888455757939154e-01
5.266982269999999744e+02 5.721644365052598324e-01
5.269712729999999965e+02 5.817318544750520459e-01
5.272442919999999731e+02 5.742905756325286104e-01
5.275172860000000128e+02 5.704520776412027594e-01
5.277902530000000070e+02 5.703779032452588327e-01
5.280631939999999531e+02 5.783676851145125308e-01
5.283361089999999649e+02 5.729018872118696315e-01
5.286089970000000449e+02 5.796706239412720008e-01
5.288818589999999631e+02 5.773338811660173597e-01
5.291546949999999470e+02 5.782395160906673715e-01
5.294275049999999965e+02 5.802862427728161521e-01
5.297002889999999979e+02 5.739230346822167261e-01
5.299730459999999539e+02 5.805719209798345659e-01
5.302457769999999755e+02 5.798756395390098906e-01
5.305184819999999490e+02 5.813063429676517124e-01
5.307911599999999908e+02 5.800998024772204831e-01
5.310638119999999844e+02 5.855480688436262016e-01
5.313364380000000438e+02 5.846655201302849436e-01
5.316090369999999439e+02 5.809514778072130126e-01
5.318816100000000233e+02 5.921059589990724792e-01
5.321541570000000547e+02 5.865380987135941915e-01
5.324266770000000406e+02 5.819304559261647691e-01
5.326991709999999784e+02 5.920828209102911854e-01
5.329716389999999819e+02 5.873916808064143513e-01
5.332440800000000536e+02 5.969535872719031744e-01
5.335164949999999635e+02 5.939508438004226232e-01
5.337888840000000528e+02 5.970768224719099626e-01
5.340612459999999828e+02 6.001513438114697285e-01
5.343335809999999810e+02 5.974197721990910370e-01
5.346058910000000424e+02 6.014581799956334462e-01
5.348781729999999470e+02 6.002117628169503227e-01
5.351504300000000285e+02 6.071550244289902754e-01
5.354226589999999533e+02 6.040861333096334551e-01
5.356948630000000549e+02 6.058171682650121959e-01
5.359670399999999972e+02 6.001518340040082888e-01
5.362391900000000078e+02 6.046970783093386093e-01
5.365113139999999703e+02 6.059965031870033769e-01
5.367834119999999984e+02 6.070070359537974580e-01
5.370554819999999836e+02 6.148295046653099449e-01
5.373275270000000319e+02 6.144455527635310776e-01
5.375995450000000346e+02 6.202640883075988265e-01
5.378715359999999919e+02 6.261880978335454540e-01
5.381435010000000148e+02 6.147923270411443930e-01
5.384154389999999921e+02 6.186198371792398509e-01
5.386873500000000377e+02 6.254815536272018139e-01
5.389592350000000351e+02 6.256627510467313025e-01
5.392310939999999846e+02 6.230760447602824437e-01
5.395029260000000022e+02 6.230163148101095505e-01
5.397747309999999743e+02 6.228625775244635010e-01
5.400465100000000120e+02 6.249669227636515112e-01
5.403182620000000043e+02 6.301975740929954828e-01
5.405899869999999510e+02 6.364760216954243877e-01
5.408616859999999633e+02 6.324008835790339011e-01
5.411333580000000438e+02 6.307793866221770296e-01
5.414050029999999651e+02 6.335653896655580875e-01
5.416766219999999521e+02 6.344865357463431721e-01
5.419482140000000072e+02 6.351399634376430070e-01
5.422197790000000168e+02 6.339749243429962933e-01
5.424913179999999784e+02 6.387779217160307610e-01
5.427628290000000106e+02 6.369743575837993887e-01
5.430343149999999923e+02 6.473508148653176475e-01
5.433057730000000447e+02 6.420211827742866584e-01
5.435772050000000490e+02 6.430872156964494435e-01
5.438486100000000079e+02 6.418931791452576752e-01
5.441199880000000348e+02 6.383786530247945734e-01
5.443913390000000163e+02 6.393702379220890242e-01
5.446626639999999497e+02 6.549534384303907775e-01
5.449339619999999513e+02 6.397396410732399952e-01
5.452052330000000211e+02 6.413224102465266974e-01
5.454764770000000453e+02 6.448736396033099005e-01
5.457476950000000215e+02 6.441996272275687385e-01
5.460188849999999547e+02 6.460835904565130905e-01
5.462900489999999536e+02 6.460266579248732377e-01
5.465611860000000206e+02 6.459043692412910209e-01
5.468322960000000421e+02 6.531129258996445364e-01
5.471033790000000181e+02 6.520723795391126787e-01
5.473744349999999486e+02 6.510942338095392357e-01
5.476454649999999447e+02 6.525663949346273141e-01
5.479164670000000115e+02 6.536950911209044035e-01
5.481874430000000302e+02 6.571001622768386508e-01
5.484583920000000035e+02 6.525980449574483311e-01
5.487293140000000449e+02 6.643892839189817767e-01
5.490002080000000433e+02 6.607942744556767334e-01
5.492710759999999937e+02 6.590213193788050372e-01
5.495419170000000122e+02 6.619797020825706202e-01
5.498127309999999852e+02 6.628411937517985075e-01
5.500835190000000239e+02 6.630796282826806332e-01
5.503542790000000196e+02 6.613192598204654660e-01
5.506250119999999697e+02 6.685459768198448449e-01
5.508957179999999880e+02 6.703812348248703312e-01
5.511663969999999608e+02 6.682771480406435316e-01
5.514370490000000018e+02 6.702177768148689374e-01
5.517076739999999972e+02 6.733690817764942382e-01
5.519782719999999472e+02 6.721042649471076214e-01
5.522488429999999653e+02 6.733850777127277087e-01
5.525193870000000516e+02 6.740676010685455743e-01
5.527899039999999786e+02 6.872756307484089167e-01
5.530603939999999739e+02 6.792267170787936736e-01
5.533308560000000398e+02 6.826337658593570890e-01
5.536012919999999440e+02 6.747965151870414235e-01
5.538717010000000300e+02 6.820104825159205575e-01
5.541420819999999594e+02 6.803910069704919295e-01
5.544124359999999569e+02 6.746617387313839087e-01
5.546827640000000201e+02 6.897877719747836922e-01
5.549530640000000403e+02 6.843573015777978386e-01
5.552233360000000175e+02 6.826192366449701510e-01
5.554935819999999467e+02 6.858395746499497125e-01
5.557638009999999440e+02 6.828249985523324739e-01
5.560339920000000120e+02 6.810197632023268222e-01
5.563041560000000345e+02 6.831707215177915682e-01
5.565742930000000115e+02 6.868239546254383265e-01
5.568444030000000566e+02 6.761063811717844541e-01
5.571144860000000563e+02 6.844165005678566338e-01
5.573845410000000129e+02 6.861244388026912500e-01
5.576545690000000377e+02 6.894587458247027900e-01
5.579245700000000170e+02 6.916258365539617037e-01
5.581945439999999508e+02 6.812731123879430806e-01
5.584644899999999552e+02 6.803451101677976398e-01
5.587344090000000278e+02 6.902908039635100579e-01
5.590043010000000550e+02 6.894771876156635670e-01
5.592741660000000365e+02 6.889670530073009891e-01
5.595440029999999751e+02 6.874799133082586389e-01
5.598138129999999819e+02 6.860854005480933049e-01
5.600835959999999432e+02 6.899537653519463021e-01
5.603533509999999751e+02 6.852431614779918023e-01
5.606230789999999615e+02 6.846329990167309143e-01
5.608927800000000161e+02 6.843559059941185518e-01
5.611624530000000277e+02 6.868076469497567116e-01
5.614320989999999938e+02 6.891552747335003559e-01
5.617017170000000306e+02 6.852207407771995218e-01
5.619713090000000193e+02 6.875113617293767687e-01
5.622408719999999676e+02 6.913231378221648127e-01
5.625104089999999815e+02 6.910209468216902406e-01
5.627799179999999524e+02 6.859181385862589408e-01
5.630493989999999940e+02 6.894040369776466282e-01
5.633188529999999901e+02 6.913429744902801488e-01
5.635882800000000543e+02 6.951204209688216507e-01
5.638576789999999619e+02 6.881381879728563078e-01
5.641270510000000513e+02 6.888480959897439471e-01
5.643963949999999841e+02 6.979046370588422032e-01
5.646657119999999850e+02 6.938017270282915705e-01
5.649350010000000566e+02 6.915756162171330379e-01
5.652042629999999690e+02 6.831845727276220082e-01
5.654734979999999496e+02 6.890115033893725593e-01
5.657427040000000034e+02 6.810135881264514079e-01
5.660118840000000091e+02 6.831683205372789391e-01
5.662810349999999744e+02 6.910714173289106421e-01
5.665501600000000053e+02 6.923514784968906044e-01
5.668192559999999958e+02 6.868296065190245825e-01
5.670883250000000544e+02 6.924951176725182567e-01
5.673573669999999538e+02 6.834893203256583449e-01
5.676263810000000376e+02 6.847790193918309454e-01
5.678953669999999647e+02 6.901219185713516335e-01
5.681643259999999600e+02 6.982524495233922712e-01
5.684332570000000260e+02 6.895124359579937190e-01
5.687021610000000464e+02 6.896725028066760244e-01
5.689710370000000239e+02 6.778452278482406390e-01
5.692398849999999584e+02 6.830320474743846182e-01
5.695087059999999610e+02 6.876078469364526047e-01
5.697774990000000344e+02 6.876904345241775518e-01
5.700462639999999510e+02 6.855520827499856917e-01
5.703150020000000495e+02 6.861781057643181470e-01
5.705837119999999913e+02 6.829660442247188490e-01
5.708523940000000039e+02 6.809218596793321643e-01
5.711210479999999734e+02 6.865669504839427839e-01
5.713896750000000111e+02 6.743078690121910856e-01
5.716582740000000058e+02 6.717919770033817795e-01
5.719268459999999550e+02 6.818221179931189813e-01
5.721953889999999774e+02 6.799622363439081774e-01
5.724639049999999543e+02 6.807223400295695503e-01
5.727323939999999993e+02 6.747042141769349355e-01
5.730008540000000039e+02 6.750136725291654427e-01
5.732692869999999630e+02 6.700907652442918971e-01
5.735376909999999953e+02 6.700657955156417156e-01
5.738060679999999820e+02 6.710335025531050102e-01
5.740744180000000370e+02 6.689606480740711847e-01
5.743427390000000514e+02 6.655496558112857786e-01
5.746110330000000204e+02 6.719829455765194970e-01
5.748792979999999488e+02 6.694350477032419144e-01
5.751475359999999455e+02 6.735663867972574437e-01
5.754157460000000128e+02 6.693888666821730116e-01
5.756839280000000372e+02 6.619391641850376207e-01
5.759520830000000160e+02 6.708814989639096948e-01
5.762202089999999544e+02 6.581664985766473297e-01
5.764883079999999609e+02 6.624292136601587222e-01
5.767563780000000406e+02 6.526661841727225966e-01
5.770244209999999612e+02 6.557938933786017222e-01
5.772924359999999524e+02 6.540117278311482485e-01
5.775604230000000143e+02 6.523763328321744437e-01
5.778283820000000333e+02 6.474328731040676077e-01
5.780963130000000092e+02 6.537078799704383325e-01
5.783642160000000558e+02 6.503540948632595686e-01
5.786320909999999458e+02 6.519861914043155737e-01
5.788999380000000201e+02 6.508374444336461062e-01
5.791677570000000514e+02 6.513826308877792570e-01
5.794355480000000398e+02 6.540463575352859493e-01
5.797033109999999851e+02 6.443054111890419433e-01
5.799710460000000012e+02 6.331641737017509319e-01
5.802387529999999742e+02 6.405488186145391616e-01
5.805064330000000155e+02 6.494616268800790237e-01
5.807740840000000162e+02 6.395409390601201061e-01
5.810417059999999765e+02 6.418049044052380747e-01
5.813093010000000049e+02 6.367442383262228445e-01
5.815768679999999904e+02 6.430781811380735791e-01
5.818444070000000465e+02 6.372199683303523265e-01
5.821119179999999460e+02 6.336437684404839787e-01
5.823794000000000324e+02 6.248525150653378990e-01
5.826468549999999595e+02 6.299569685073018732e-01
5.829142809999999599e+02 6.329100176381601273e-01
5.831816790000000310e+02 6.334178926406409671e-01
5.834490489999999454e+02 6.340806440540900368e-01
5.837163910000000442e+02 6.307397656868590774e-01
5.839837049999999863e+02 6.231908778203754107e-01
5.842509909999999991e+02 6.189931661746886915e-01
5.845182479999999714e+02 6.189405709680383394e-01
5.847854770000000144e+02 6.267079504101575882e-01
5.850526780000000144e+02 6.200009624127255092e-01
5.853198509999999715e+02 6.146053125044955712e-01
5.855869959999999992e+02 6.205831243359615224e-01
5.858541119999999864e+02 6.100104198000161349e-01
5.861212000000000444e+02 6.166018313704179077e-01
5.863882599999999456e+02 6.165594722580255427e-01
5.866552920000000313e+02 6.192515376369214231e-01
5.869222959999999603e+02 6.136979745318812407e-01
5.871892709999999624e+02 6.170261767392467567e-01
5.874562180000000353e+02 6.077743324169936345e-01
5.877231359999999540e+02 6.085557077252888858e-01
5.879900270000000546e+02 6.057069370498668892e-01
5.882568890000000010e+02 6.022208720428231521e-01
5.885237220000000207e+02 6.066465847686288715e-01
5.887905279999999948e+02 5.973856045660375091e-01
5.890573050000000421e+02 5.920876311092256872e-01
5.893240530000000490e+02 5.907304656698784129e-01
5.895907740000000103e+02 5.937534252417411285e-01
5.898574660000000449e+02 5.877017656128472600e-01
5.901241290000000390e+02 5.956679716363012522e-01
5.903907649999999876e+02 5.908438019658586171e-01
5.906573710000000119e+02 5.878205829479143940e-01
5.909239499999999907e+02 5.853193776386164116e-01
5.911905000000000427e+02 5.820512267758705116e-01
5.914570220000000518e+02 5.867964945055964554e-01
5.917235150000000203e+02 5.845689684418219345e-01
5.919899799999999459e+02 5.831980779338654663e-01
5.922564159999999447e+02 5.770495541054891930e-01
5.925228240000000142e+02 5.759341633177631481e-01
5.927892030000000432e+02 5.776153665041590113e-01
5.930555540000000292e+02 5.654091471492236343e-01
5.933218759999999747e+02 5.587014523642794828e-01
5.935881699999999910e+02 5.664783069579040209e-01
5.938544359999999642e+02 5.565965035140409967e-01
5.941206730000000107e+02 5.466262158492517509e-01
5.943868810000000167e+02 5.546981714349578096e-01
5.946530609999999797e+02 5.483880166210701734e-01
5.949192120000000159e+02 5.602799084416290043e-01
5.951853350000000091e+02 5.533447142326820556e-01
5.954514289999999619e+02 5.418135250737464714e-01
5.957174949999999853e+02 5.360178303892146889e-01
5.959835319999999683e+02 5.411900774002578185e-01
5.962495410000000220e+02 5.460592127566227250e-01
5.965155200000000377e+02 5.391118568808337397e-01
5.967814720000000079e+02 5.520166099399911319e-01
5.970473940000000539e+02 5.438611966878972304e-01
5.973132879999999432e+02 5.383018356916839942e-01
5.975791540000000168e+02 5.328209633308398363e-01
5.978449910000000500e+02 5.304485651315139494e-01
5.981107990000000427e+02 5.300914947180278558e-01
5.983765779999999950e+02 5.368917676120388283e-01
5.986423290000000179e+02 5.320894253463094303e-01
5.989080510000000004e+02 5.331407311652414105e-01
5.991737440000000561e+02 5.337534897160834957e-01
5.994394089999999551e+02 5.327345196315500520e-01
5.997050450000000410e+02 5.259133877902345544e-01
5.999706519999999728e+02 5.344209134199464639e-01
6.002362309999999752e+02 5.213633024584066744e-01
6.005017810000000509e+02 5.227045520169143478e-01
6.007673019999999724e+02 5.171279541357435283e-01
6.010327939999999671e+02 5.164022740178161319e-01
6.012982580000000326e+02 5.210509737881393599e-01
6.015636919999999463e+02 5.184493151850647630e-01
6.018290980000000445e+02 5.132221309890855343e-01
6.020944759999999860e+02 5.121983428825546136e-01
6.023598240000000033e+02 5.057802106336941605e-01
6.026251429999999800e+02 5.103994869788764932e-01
6.028904340000000275e+02 5.108448327552952417e-01
6.031556960000000345e+02 5.047900825641173927e-01
6.034209290000000010e+02 5.096919889683528826e-01
6.036861330000000407e+02 5.030464755519790110e-01
6.039513090000000375e+02 5.055409266764664400e-01
6.042164549999999963e+02 5.012089060171656119e-01
6.044815730000000258e+02 5.096107895148176414e-01
6.047466610000000173e+02 4.922880603271030941e-01
6.050117209999999659e+02 4.929177516890940747e-01
6.052767519999999877e+02 4.963091284531750969e-01
6.055417539999999690e+02 4.973255597107006931e-01
6.058067270000000235e+02 4.977999011601230150e-01
6.060716710000000376e+02 4.915335923799350470e-01
6.063365870000000086e+02 4.942633682274961693e-01
6.066014730000000554e+02 4.898378449761078834e-01
6.068663299999999481e+02 4.813986445556661664e-01
6.071311580000000276e+02 4.781699334981924232e-01
6.073959579999999505e+02 4.872070619129116320e-01
6.076607279999999491e+02 4.854657690236195977e-01
6.079254690000000210e+02 4.783164732368177519e-01
6.081901810000000523e+02 4.800918422100308169e-01
6.084548650000000407e+02 4.887493035054988333e-01
6.087195189999999911e+02 4.789331243012021067e-01
6.089841440000000148e+02 4.793054094253187958e-01
6.092487399999999980e+02 4.733978765056999216e-01
6.095133070000000544e+02 4.747270349253700505e-01
6.097778449999999566e+02 4.713501141362402280e-01
6.100423540000000457e+02 4.729619852177762707e-01
6.103068339999999807e+02 4.695691077655156365e-01
6.105712849999999889e+02 4.692234038502652860e-01
6.108357069999999567e+02 4.667792776926966147e-01
6.111000990000000002e+02 4.745712999551540690e-01
6.113644630000000006e+02 4.656862436916043291e-01
6.116287969999999632e+02 4.596995448862296607e-01
6.118931019999999990e+02 4.591105326164870992e-01
6.121573779999999942e+02 4.520282563030219025e-01
6.124216249999999491e+02 4.611179692967541932e-01
6.126858419999999796e+02 4.571203999801543572e-01
6.129500309999999672e+02 4.553272782179872968e-01
6.132141900000000305e+02 4.596458365941398228e-01
6.134783200000000534e+02 4.515580305516433413e-01
6.137424210000000357e+02 4.504419892220429822e-01
6.140064929999999777e+02 4.485548870839956015e-01
6.142705349999999953e+02 4.493855080319217876e-01
6.145345479999999725e+02 4.547170371025926472e-01
6.147985320000000229e+02 4.452469837551691345e-01
6.150624870000000328e+02 4.516301721490784127e-01
6.153264130000000023e+02 4.412383653954924378e-01
6.155903090000000475e+02 4.451441891020214703e-01
6.158541760000000522e+02 4.425062741979240988e-01
6.161180130000000190e+02 4.470655209265935182e-01
6.163818209999999453e+02 4.387987295002423460e-01
6.166455999999999449e+02 4.367875522232458896e-01
6.169093500000000176e+02 4.430945517741046724e-01
6.171730700000000525e+02 4.353154189762337700e-01
6.174367610000000468e+02 4.348372435788631640e-01
6.177004230000000007e+02 4.356558397483502043e-01
6.179640550000000303e+02 4.381090590690248643e-01
6.182276580000000195e+02 4.364450688984531923e-01
6.184912309999999707e+02 4.323268701974540829e-01
6.187547749999999951e+02 4.294898969084922080e-01
6.190182899999999790e+02 4.333906192375248101e-01
6.192817750000000387e+02 4.259182032240259042e-01
6.195452309999999443e+02 4.271318953334003465e-01
6.198086580000000367e+02 4.248388048150845697e-01
6.200720549999999776e+02 4.255411345288663272e-01
6.203354219999999941e+02 4.198068704954960317e-01
6.205987609999999677e+02 4.240448270567552247e-01
6.208620690000000195e+02 4.160743944102788805e-01
6.211253480000000309e+02 4.161940899408875794e-01
6.213885980000000018e+02 4.178827570076739106e-01
6.216518180000000484e+02 4.190489180623778731e-01
6.219150090000000546e+02 4.137169068793171700e-01
6.221781700000000228e+02 4.158444029246514129e-01
6.224413019999999506e+02 4.128510095812499836e-01
6.227044039999999541e+02 4.136675521926431176e-01
6.229674770000000308e+02 4.085602632934982048e-01
6.232305199999999559e+02 4.070979639207906176e-01
6.234935329999999567e+02 4.093919754900682273e-01
6.237565170000000307e+02 4.065751363489129022e-01
6.240194719999999506e+02 4.081581303165815466e-01
6.242823959999999488e+02 4.076756188767233779e-01
6.245452910000000202e+02 4.087372088797886494e-01
6.248081570000000511e+02 4.028259844049919547e-01
6.250709930000000440e+02 4.063470040013904550e-01
6.253337989999999991e+02 4.089064951170665041e-01
6.255965760000000273e+02 4.132800169235332777e-01
6.258593230000000176e+02 4.036071494943078708e-01
6.261220409999999674e+02 3.978206577982314474e-01
6.263847279999999955e+02 3.967580937287494836e-01
6.266473859999999831e+02 4.002203171385379510e-01
6.269100150000000440e+02 3.934655660246599296e-01
6.271726129999999557e+02 3.972494719994865697e-01
6.274351820000000544e+02 4.009163374361145449e-01
6.276977219999999988e+02 3.954780448769743550e-01
6.279602310000000216e+02 4.017946491314395296e-01
6.282227110000000039e+02 3.940768341353591553e-01
6.284851609999999482e+02 3.896552843246434694e-01
6.287475819999999658e+02 3.858321094938970131e-01
6.290099719999999479e+02 3.889286449645181221e-01
6.292723330000000033e+02 3.882590380789812667e-01
6.295346640000000207e+02 3.877974579146186151e-01
6.297969659999999976e+02 3.834561328873481445e-01
6.300592370000000528e+02 3.832949375226994970e-01
6.303214789999999539e+02 3.839241327167380868e-01
6.305836910000000444e+02 3.800030599941587317e-01
6.308458729999999832e+02 3.778127673114313190e-01
6.311080249999999978e+02 3.812473648343311927e-01
6.313701469999999745e+02 3.810393387533386744e-01
6.316322400000000243e+02 3.835817021903409341e-01
6.318943030000000363e+02 3.797693458382817577e-01
6.321563350000000128e+02 3.788520721191258600e-01
6.324183379999999488e+02 3.846051801724972852e-01
6.326803109999999606e+02 3.850018036232441543e-01
6.329422540000000481e+02 3.817290280125880120e-01
6.332041679999999815e+02 3.813170384044335948e-01
6.334660509999999931e+02 3.723573199092873875e-01
6.337279039999999668e+02 3.730711268025751481e-01
6.339897280000000137e+02 3.741634499967236294e-01
6.342515210000000252e+02 3.785359835129035733e-01
6.345132849999999962e+02 3.751813271610503486e-01
6.347750190000000430e+02 3.739069445876699316e-01
6.350367220000000543e+02 3.734513796763105908e-01
6.352983960000000252e+02 3.735008489907453155e-01
6.355600399999999581e+02 3.714433053191628087e-01
6.358216529999999693e+02 3.684717861413061013e-01
6.360832370000000537e+02 3.715953727402269147e-01
6.363447909999999865e+02 3.752957616003879115e-01
6.366063139999999976e+02 3.756264679199762258e-01
6.368678079999999682e+02 3.738001331124236604e-01
6.371292710000000170e+02 3.720339071278646048e-01
6.373907050000000254e+02 3.694059827054719247e-01
6.376521079999999984e+02 3.685660575131400885e-01
6.379134810000000471e+02 3.707226856173382323e-01
6.381748250000000553e+02 3.723342926969351319e-01
6.384361380000000281e+02 3.657982574856752933e-01
6.386974209999999630e+02 3.624464189434544736e-01
6.389586739999999736e+02 3.628273473792387738e-01
6.392198969999999463e+02 3.597952877254269044e-01
6.394810889999999972e+02 3.658989527764237581e-01
6.397422520000000077e+02 3.662802302122969977e-01
6.400033839999999827e+02 3.623329783122070102e-01
6.402644860000000335e+02 3.626096606005035361e-01
6.405255580000000464e+02 3.593159376621948842e-01
6.407866000000000213e+02 3.649254364543219609e-01
6.410476119999999582e+02 3.575042150820145204e-01
6.413085929999999735e+02 3.563037292539701362e-01
6.415695449999999482e+02 3.607700157902384297e-01
6.418304660000000013e+02 3.665404773197389887e-01
6.420913570000000163e+02 3.584464975332014580e-01
6.423522169999999960e+02 3.618574888935897071e-01
6.426130480000000489e+02 3.560380351952088795e-01
6.428738479999999527e+02 3.533974296030498730e-01
6.431346170000000484e+02 3.557724139924278717e-01
6.433953569999999900e+02 3.499502145124451791e-01
6.436560660000000098e+02 3.584167237774707471e-01
6.439167449999999917e+02 3.590451748497258122e-01
6.441773940000000493e+02 3.578269861578334265e-01
6.444380119999999579e+02 3.560337794729318550e-01
6.446986000000000558e+02 3.524662340514870817e-01
6.449591580000000022e+02 3.523112850261277407e-01
6.452196850000000268e+02 3.472521714061729825e-01
6.454801820000000134e+02 3.461494731607497322e-01
6.457406489999999621e+02 3.476246171350638181e-01
6.460010849999999891e+02 3.543630166113610480e-01
6.462614909999999782e+02 3.492832244903243399e-01
6.465218670000000429e+02 3.524255270040638210e-01
6.467822119999999586e+02 3.512776959274411803e-01
6.470425269999999500e+02 3.458159474742165673e-01
6.473028110000000197e+02 3.470104018580460470e-01
6.475630650000000514e+02 3.496694412316880829e-01
6.478232880000000478e+02 3.460241535712787475e-01
6.480834810000000061e+02 3.412035706795757961e-01
6.483436440000000403e+02 3.490501820507584951e-01
6.486037760000000389e+02 3.470927322886450672e-01
6.488638779999999997e+02 3.403637724800763209e-01
6.491239490000000387e+02 3.412055857279775450e-01
6.493839900000000398e+02 3.458642683365704129e-01
6.496440000000000055e+02 3.472935320605134990e-01
6.499039790000000494e+02 3.459019998095917980e-01
6.501639290000000528e+02 3.485837112042258212e-01
6.504238470000000234e+02 3.469639999828690313e-01
6.506837349999999560e+02 3.430899533593905759e-01
6.509435929999999644e+02 3.355107943026511830e-01
6.512034200000000510e+02 3.406900837630782442e-01
6.514632159999999885e+02 3.419544482353237269e-01
6.517229820000000018e+02 3.406775302556746543e-01
6.519827169999999796e+02 3.362768328636746018e-01
6.522424220000000332e+02 3.461901385061119107e-01
6.525020960000000514e+02 3.438354261696858205e-01
6.527617390000000341e+02 3.401444671195759661e-01
6.530213519999999789e+02 3.351151968475348797e-01
6.532809340000000020e+02 3.401629744938404198e-01
6.535404859999999871e+02 3.361781197302102786e-01
6.538000070000000505e+02 3.374992496838829514e-01
6.540594969999999648e+02 3.414220616997262758e-01
6.543189569999999549e+02 3.358587133753078158e-01
6.545783850000000257e+02 3.374831964400080708e-01
6.548377840000000560e+02 3.382363175191762661e-01
6.550971510000000535e+02 3.384841345514812416e-01
6.553564880000000130e+02 3.389053710170609190e-01
6.556157940000000508e+02 3.372531105848333710e-01
6.558750690000000532e+02 3.404343331320127120e-01
6.561343140000000176e+02 3.345395154425468420e-01
6.563935279999999466e+02 3.401228719019099289e-01
6.566527109999999539e+02 3.383089579918691081e-01
6.569118630000000394e+02 3.326427213683608719e-01
6.571709849999999733e+02 3.307512535154457090e-01
6.574300759999999855e+02 3.344056589655486911e-01
6.576891359999999622e+02 3.294030739434901101e-01
6.579481650000000172e+02 3.356762073240492916e-01
6.582071630000000368e+02 3.355229538829363478e-01
6.584661310000000185e+02 3.307795057116392767e-01
6.587250679999999647e+02 3.348364319935838718e-01
6.589839729999999918e+02 3.357845756780748481e-01
6.592428479999999809e+02 3.352539629355108519e-01
6.595016930000000457e+02 3.340463893550099650e-01
6.597605059999999639e+02 3.303483454847444545e-01
6.600192879999999604e+02 3.292233408020078245e-01
6.602780400000000327e+02 3.326222213999799338e-01
6.605367609999999559e+02 3.301525885402473715e-01
6.607954499999999598e+02 3.305371646241213601e-01
6.610541090000000395e+02 3.285755299480260794e-01
6.613127369999999701e+02 3.332628373582025572e-01
6.615713339999999789e+02 3.321817317925720991e-01
6.618298999999999523e+02 3.324936099608951645e-01
6.620884350000000040e+02 3.285874382212270461e-01
6.623469400000000178e+02 3.342470892180489650e-01
6.626054129999999986e+02 3.314462852934924042e-01
6.628638549999999441e+02 3.291309668975032077e-01
6.631222659999999678e+02 3.274438235264463537e-01
6.633806459999999561e+02 3.197252011685093875e-01
6.636389960000000201e+02 3.238903206134527979e-01
6.638973140000000512e+02 3.207932370919792664e-01
6.641556010000000470e+02 3.286360924267403560e-01
6.644138570000000072e+02 3.169223407377825819e-01
6.646720820000000458e+02 3.217476236101737830e-01
6.649302760000000490e+02 3.242984765085152876e-01
6.651884390000000167e+02 3.151563574773422749e-01
6.654465709999999490e+02 3.198940225079874300e-01
6.657046719999999596e+02 3.200183920373346202e-01
6.659627410000000509e+02 3.118420556475505756e-01
6.662207799999999907e+02 3.192068432506785514e-01
6.664787870000000112e+02 3.198289559638848867e-01
6.667367639999999938e+02 3.250681103903314551e-01
6.669947089999999434e+02 3.219283361428586510e-01
6.672526229999999714e+02 3.160193495859939250e-01
6.675105059999999639e+02 3.226867853782854900e-01
6.677683580000000347e+02 3.189349951417836948e-01
6.680261779999999590e+02 3.218851239228221472e-01
6.682839679999999589e+02 3.181680063362135602e-01
6.685417260000000397e+02 3.203424951884620286e-01
6.687994529999999713e+02 3.239949292698757755e-01
6.690571489999999812e+02 3.228051530517508927e-01
6.693148139999999557e+02 3.235330189487979347e-01
6.695724470000000110e+02 3.229151031417614170e-01
6.698300490000000309e+02 3.239083335712851786e-01
6.700876200000000154e+02 3.245872147683710462e-01
6.703451599999999644e+02 3.242238633011094717e-01
6.706026679999999942e+02 3.210099483357749528e-01
6.708601449999999886e+02 3.183724553595181361e-01
6.711175909999999476e+02 3.283897271114799010e-01
6.713750059999999849e+02 3.270114059915167903e-01
6.716323889999999892e+02 3.286834271667512519e-01
6.718897409999999581e+02 3.272466076507338228e-01
6.721470620000000054e+02 3.240350946559673595e-01
6.724043510000000197e+02 3.272088958816066206e-01
6.726616089999999986e+02 3.226033184760981887e-01
6.729188360000000557e+02 3.225907567349872718e-01
6.731760309999999663e+02 3.227935491295965131e-01
6.734331949999999551e+02 3.322860796807443617e-01
6.736903270000000248e+02 3.274395598077200487e-01
6.739474279999999453e+02 3.209527677283063873e-01
6.742044979999999441e+02 3.205988507818230970e-01
6.744615370000000212e+02 3.260934429299526260e-01
6.747185439999999517e+02 3.249185454181109933e-01
6.749755189999999629e+02 3.289884060752504280e-01
6.752324630000000525e+02 3.265900017017387968e-01
6.754893759999999929e+02 3.219914740152923782e-01
6.757462570000000142e+02 3.165376368286032527e-01
6.760031070000000000e+02 3.199691377777185708e-01
6.762599249999999529e+02 3.142429726011597979e-01
6.765167119999999841e+02 3.118285342278515615e-01
6.767734669999999824e+02 3.117587060824560941e-01
6.770301909999999452e+02 3.173918651701165827e-01
6.772868829999999889e+02 3.194785272896166206e-01
6.775435439999999971e+02 3.151649374220850119e-01
6.778001729999999725e+02 3.126315134034300947e-01
6.780567710000000261e+02 3.140438124836253397e-01
6.783133370000000468e+02 3.139228058590847747e-01
6.785698720000000321e+02 3.063321179251332627e-01
6.788263749999999845e+02 3.108468179090598804e-01
6.790828460000000177e+02 3.104888959878976951e-01
6.793392860000000155e+02 3.132931380092053852e-01
6.795956939999999804e+02 3.131603774273146179e-01
6.798520710000000236e+02 3.018952313405060539e-01
6.801084160000000338e+02 3.053697755951229054e-01
6.803647290000000112e+02 3.084547315861683736e-01
6.806210109999999531e+02 3.066189129920643408e-01
6.808772609999999759e+02 2.970008487623849724e-01
6.811334799999999632e+02 2.985006597229519221e-01
6.813896670000000313e+02 3.014351141241444210e-01
6.816458219999999528e+02 2.969964758961153306e-01
6.819019459999999526e+02 2.957071696590885534e-01
6.821580370000000357e+02 2.960701639339476388e-01
6.824140979999999672e+02 2.953979717075331246e-01
6.826701259999999820e+02 2.945558534414348117e-01
6.829261229999999614e+02 2.973756094676132666e-01
6.831820880000000216e+02 2.904090753459080965e-01
6.834380210000000488e+02 2.926446711872736084e-01
6.836939230000000407e+02 2.908631544653972889e-01
6.839497920000000022e+02 2.906461956385869572e-01
6.842056300000000419e+02 2.928531364448337948e-01
6.844614370000000463e+02 2.898506582315157343e-01
6.847172110000000202e+02 2.897899515466625942e-01
6.849729539999999588e+02 2.846721005934264026e-01
6.852286649999999781e+02 2.846303241566525699e-01
6.854843439999999646e+02 2.878268280840819426e-01
6.857399910000000318e+02 2.823757441821720948e-01
6.859956069999999499e+02 2.860424902143802184e-01
6.862511899999999514e+02 2.903639118760312221e-01
6.865067420000000311e+02 2.809770738711829252e-01
6.867622619999999642e+02 2.829346001358613583e-01
6.870177499999999782e+02 2.775949430529877082e-01
6.872732059999999592e+02 2.810844128601250880e-01
6.875286300000000210e+02 2.834860224605513235e-01
6.877840230000000474e+02 2.818587939599219716e-01
6.880393830000000435e+02 2.818887290235390641e-01
6.882947120000000041e+02 2.823772103616498108e-01
6.885500080000000480e+02 2.771542642196231365e-01
6.888052730000000565e+02 2.723606690590168466e-01
6.890605060000000321e+02 2.685809661170714402e-01
6.893157059999999774e+02 2.691705976826857527e-01
6.895708750000000009e+02 2.756815558035384250e-01
6.898260119999999915e+02 2.770840045633886639e-01
6.900811169999999493e+02 2.786290493587790795e-01
6.903361899999999878e+02 2.728281647873168070e-01
6.905912309999999934e+02 2.758964142504244932e-01
6.908462399999999661e+02 2.722641981817538470e-01
6.911012170000000197e+02 2.718379229787330487e-01
6.913561620000000403e+02 2.666641758832061782e-01
6.916110740000000305e+02 2.725605504288007852e-01
6.918659549999999854e+02 2.713283374001678738e-01
6.921208040000000210e+02 2.675850344159415028e-01
6.923756210000000237e+02 2.708105645086991697e-01
6.926304049999999961e+02 2.663420007608203743e-01
6.928851580000000467e+02 2.642458116183055150e-01
6.931398779999999533e+02 2.675948078376881867e-01
6.933945670000000518e+02 2.678553219007133168e-01
6.936492230000000063e+02 2.664590362947060198e-01
6.939038470000000416e+02 2.623844705046275982e-01
6.941584390000000440e+02 2.605256090439710404e-01
6.944129990000000134e+02 2.599383190505402674e-01
6.946675259999999525e+02 2.637346296650808219e-01
6.949220219999999699e+02 2.609457069701253684e-01
6.951764849999999569e+02 2.614686182583974006e-01
6.954309160000000247e+02 2.620652995532427587e-01
6.956853149999999459e+02 2.619867235257902216e-01
6.959396819999999479e+02 2.600890938565921240e-01
6.961940170000000307e+02 2.586913229349371846e-01
6.964483189999999695e+02 2.558908310256099994e-01
6.967025889999999890e+02 2.531433991326447197e-01
6.969568269999999757e+02 2.602473805828545705e-01
6.972110330000000431e+02 2.603092391123785765e-01
6.974652059999999665e+02 2.553036250557725872e-01
6.977193479999999681e+02 2.551431307146613259e-01
6.979734570000000531e+02 2.560856099009600761e-01
6.982275329999999940e+02 2.539964128735874294e-01
6.984815780000000132e+02 2.506473978276781422e-01
6.987355900000000020e+02 2.524685189400543428e-01
6.989895689999999604e+02 2.497899650747680000e-01
6.992435169999999971e+02 2.497605872270462768e-01
6.994974320000000034e+02 2.497300932182392741e-01
6.997513149999999769e+02 2.474930415412212592e-01
7.000051650000000336e+02 2.469241190824799648e-01
7.002589829999999438e+02 2.506294494975244147e-01
7.005127690000000484e+02 2.479345517693300749e-01
7.007665220000000090e+02 2.478175433728100063e-01
7.010202430000000504e+02 2.477098889400907444e-01
7.012739309999999477e+02 2.445380472360262070e-01
7.015275880000000370e+02 2.432077916238405968e-01
7.017812109999999848e+02 2.409460209796685792e-01
7.020348030000000108e+02 2.454959987078925709e-01
7.022883610000000090e+02 2.430055899763865213e-01
7.025418879999999717e+02 2.422948794213895529e-01
7.027953820000000178e+02 2.459582012141281748e-01
7.030488430000000335e+02 2.482607563197026523e-01
7.033022720000000163e+02 2.457953074190533382e-01
7.035556689999999662e+02 2.417760555986257776e-01
7.038090329999999994e+02 2.394162284812728914e-01
7.040623649999999998e+02 2.391209530476638423e-01
7.043156639999999697e+02 2.374254653757092715e-01
7.045689300000000230e+02 2.429730498971802710e-01
7.048221640000000434e+02 2.399909091845039422e-01
7.050753660000000309e+02 2.364132811447775262e-01
7.053285349999999880e+02 2.398347757192367813e-01
7.055816710000000285e+02 2.378286560652004555e-01
7.058347750000000360e+02 2.384894970512213552e-01
7.060878460000000132e+02 2.375004624356055194e-01
7.063408849999999575e+02 2.324511769417931528e-01
7.065938909999999851e+02 2.338668457546387858e-01
7.068468649999999798e+02 2.327585913320721345e-01
7.070998059999999441e+02 2.312605690644568002e-01
7.073527139999999918e+02 2.347930528437485176e-01
7.076055900000000065e+02 2.340159994239693619e-01
7.078584329999999909e+02 2.336556297138806249e-01
7.081112429999999449e+02 2.304049511414096862e-01
7.083640209999999797e+02 2.330597939740965963e-01
7.086167659999999842e+02 2.335822812870582410e-01
7.088694779999999582e+02 2.385227214993445588e-01
7.091221580000000131e+02 2.329135853967364278e-01
7.093748050000000376e+02 2.335741050871185109e-01
7.096274190000000317e+02 2.303558905507412935e-01
7.098800009999999929e+02 2.375322652674640156e-01
7.101325500000000375e+02 2.321592312345247544e-01
7.103850660000000516e+02 2.306576208488973767e-01
7.106375490000000354e+02 2.292365646772345222e-01
7.108899999999999864e+02 2.324095334331189588e-01
7.111424180000000206e+02 2.290482310705277691e-01
7.113948030000000244e+02 2.286230306747353835e-01
7.116471549999999979e+02 2.236942564426209201e-01
7.118994750000000522e+02 2.267422861694836644e-01
7.121517609999999650e+02 2.208750970294350857e-01
7.124040149999999585e+02 2.260299687490463505e-01
7.126562360000000353e+02 2.272304508371109366e-01
7.129084249999999656e+02 2.262087556820194800e-01
7.131605799999999817e+02 2.288378090182265345e-01
7.134127029999999650e+02 2.293008892810074473e-01
7.136647920000000340e+02 2.215416165224212142e-01
7.139168489999999565e+02 2.238601896110266609e-01
7.141688729999999623e+02 2.233041256427710786e-01
7.144208650000000489e+02 2.173254209984127328e-01
7.146728229999999940e+02 2.190040077793263817e-01
7.149247480000000223e+02 2.227506552918659399e-01
7.151766410000000178e+02 2.201293866960261358e-01
7.154284999999999854e+02 2.149920294332603177e-01
7.156803270000000339e+02 2.183540031981330287e-01
7.159321200000000545e+02 2.145037450900093845e-01
7.161838810000000421e+02 2.184597613221765933e-01
7.164356089999999995e+02 2.140579564400762747e-01
7.166873030000000426e+02 2.087302062921738699e-01
7.169389650000000529e+02 2.103578045282194775e-01
7.171905940000000328e+02 2.079994558913646485e-01
7.174421899999999823e+02 2.080791424833287884e-01
7.176937530000000152e+02 2.083090918969612015e-01
7.179452830000000176e+02 2.100213803016409975e-01
7.181967789999999923e+02 2.055437568211119503e-01
7.184482430000000477e+02 2.059692826698488743e-01
7.186996739999999591e+02 2.057343813944231548e-01
7.189510709999999563e+02 2.048745812110500664e-01
7.192024360000000343e+02 2.058827535615157245e-01
7.194537669999999707e+02 2.057747187289060697e-01
7.197050659999999880e+02 2.016590601732224652e-01
7.199563309999999774e+02 2.086503338550307340e-01
7.202075630000000501e+02 2.054035518827907469e-01
7.204587629999999763e+02 2.014693882489974885e-01
7.207099289999999883e+02 1.971490862701068825e-01
7.209610609999999724e+02 1.979586457045846570e-01
7.212121610000000373e+02 1.968239855600228405e-01
7.214632279999999582e+02 1.952499480733357884e-01
7.217142609999999650e+02 2.022204532893212281e-01
7.219652620000000525e+02 2.000966462177939109e-01
7.222162289999999985e+02 1.953621595705906655e-01
7.224671630000000278e+02 1.937052575391950138e-01
7.227180630000000292e+02 1.942094917036743529e-01
7.229689309999999978e+02 1.960090748909907588e-01
7.232197650000000522e+02 1.978157344204563572e-01
7.234705659999999625e+02 1.937993427845232375e-01
7.237213339999999562e+02 1.971380118645671975e-01
7.239720690000000332e+02 1.898664836011269008e-01
7.242227699999999686e+02 1.879183284786966612e-01
7.244734379999999874e+02 1.883477589113268513e-01
7.247240729999999758e+02 1.877947850207949410e-01
7.249746750000000475e+02 1.856041984431212599e-01
7.252252429999999777e+02 1.928685887131550147e-01
7.254757779999999912e+02 1.909197974798948760e-01
7.257262799999999743e+02 1.870848393712320479e-01
7.259767480000000432e+02 1.819100271170430716e-01
7.262271829999999682e+02 1.895575750308468033e-01
7.264775849999999764e+02 1.913955198757131548e-01
7.267279529999999568e+02 1.831731851878998785e-01
7.269782880000000205e+02 1.846045447996302047e-01
7.272285900000000538e+02 1.842850269899599380e-01
7.274788579999999456e+02 1.820137130790981939e-01
7.277290930000000344e+02 1.798989030361364538e-01
7.279792939999999817e+02 1.809213496495090667e-01
7.282294620000000123e+02 1.849105915805583089e-01
7.284795970000000125e+02 1.863298692971266934e-01
7.287296979999999849e+02 1.813499371900506030e-01
7.289797660000000405e+02 1.800027660257901008e-01
7.292298009999999522e+02 1.786288451779603215e-01
7.294798019999999497e+02 1.775875602579530532e-01
7.297297690000000330e+02 1.770950607895204754e-01
7.299797029999999722e+02 1.794245293624886217e-01
7.302296039999999948e+02 1.799521661191014754e-01
7.304794709999999895e+02 1.776813276663127272e-01
7.307293039999999564e+02 1.748855060438889997e-01
7.309791040000000066e+02 1.790273254042310525e-01
7.312288710000000265e+02 1.748392216212026062e-01
7.314786040000000185e+02 1.761341577617148713e-01
7.317283029999999826e+02 1.740769841089507552e-01
7.319779690000000301e+02 1.753324031271867034e-01
7.322276020000000472e+02 1.775258433509304123e-01
7.324772010000000364e+02 1.765661492385455222e-01
7.327267659999999978e+02 1.756563468121385418e-01
7.329762980000000425e+02 1.715255839467804411e-01
7.332257959999999457e+02 1.732783881838576845e-01
7.334752600000000484e+02 1.722378910102022043e-01
7.337246910000000071e+02 1.731270640492544588e-01
7.339740880000000516e+02 1.678201004528295792e-01
7.342234519999999520e+02 1.662796801653609047e-01
7.344727820000000520e+02 1.669852246735964996e-01
7.347220790000000079e+02 1.679730206598232800e-01
7.349713410000000522e+02 1.651745854892355536e-01
7.352205699999999524e+02 1.623894829064853051e-01
7.354697660000000496e+02 1.644306028865450409e-01
7.357189270000000079e+02 1.659692084864108352e-01
7.359680550000000494e+02 1.673340942723011149e-01
7.362171499999999469e+02 1.664473981949547154e-01
7.364662100000000464e+02 1.618343868950076481e-01
7.367152370000000019e+02 1.640159095637052644e-01
7.369642300000000432e+02 1.622925364564610506e-01
7.372131900000000542e+02 1.619259693925024501e-01
7.374621150000000398e+02 1.605110971800562947e-01
7.377110069999999951e+02 1.599651027178278784e-01
7.379598650000000362e+02 1.568124222661816947e-01
7.382086900000000469e+02 1.603924457001891790e-01
7.384574800000000323e+02 1.621363364951547981e-01
7.387062369999999873e+02 1.649596195867403248e-01
7.389549600000000282e+02 1.617843937420966050e-01
7.392036490000000413e+02 1.562144301870539431e-01
7.394523050000000239e+02 1.628162592327156433e-01
7.397009259999999813e+02 1.578327907087676008e-01
7.399495140000000220e+02 1.543537602748307480e-01
7.401980680000000348e+02 1.535028249786576648e-01
7.404465870000000223e+02 1.567647814231573900e-01
7.406950739999999769e+02 1.518748052047632358e-01
7.409435260000000198e+02 1.519030558321489421e-01
7.411919440000000350e+02 1.519274602474544322e-01
7.414403280000000223e+02 1.495031552501886463e-01
7.416886789999999792e+02 1.477125114754373192e-01
7.419369950000000244e+02 1.491981075063364970e-01
7.421852780000000394e+02 1.496648732538546078e-01
7.424335270000000264e+02 1.480001244629408075e-01
7.426817419999999856e+02 1.496187455519831233e-01
7.429299220000000332e+02 1.475170066931611179e-01
7.431780690000000504e+02 1.490070877062634469e-01
7.434261820000000398e+02 1.457092021856815078e-01
7.436742610000000013e+02 1.490570694224671588e-01
7.439223060000000487e+02 1.466723488431174727e-01
7.441703169999999545e+02 1.485475412079266533e-01
7.444182939999999462e+02 1.465130879805928987e-01
7.446662360000000263e+02 1.408090479692079844e-01
7.449141449999999622e+02 1.432221814248448022e-01
7.451620199999999841e+02 1.454321788650294045e-01
7.454098609999999780e+02 1.466847195622662525e-01
7.456576669999999467e+02 1.407333864297519999e-01
7.459054399999999987e+02 1.394227925476045071e-01
7.461531780000000253e+02 1.416840619560204573e-01
7.464008830000000216e+02 1.409929799775559989e-01
7.466485529999999926e+02 1.388638628979670386e-01
7.468961890000000494e+02 1.403335591853801523e-01
7.471437919999999622e+02 1.392300863638684938e-01
7.473913599999999633e+02 1.361708825803245870e-01
7.476388930000000528e+02 1.394972632428695680e-01
7.478863929999999982e+02 1.406896790061367974e-01
7.481338590000000295e+02 1.393013790503527805e-01
7.483812900000000354e+02 1.389119913913592075e-01
7.486286870000000135e+02 1.361757468253877168e-01
7.488760499999999638e+02 1.375485108270437240e-01
7.491233789999999999e+02 1.316167751415600606e-01
7.493706740000000082e+02 1.324997071625503009e-01
7.496179339999999911e+02 1.338702198982588965e-01
7.498651599999999462e+02 1.319559232616894229e-01
7.501123519999999871e+02 1.309777239933267445e-01
7.503595100000000002e+02 1.321482327477828400e-01
7.506066339999999855e+02 1.341462518707826346e-01
7.508537229999999454e+02 1.341673820546471496e-01
7.511007779999999912e+02 1.295080119633324756e-01
7.513477980000000116e+02 1.250697409095114232e-01
7.515947850000000017e+02 1.236848609697730195e-01
7.518417369999999664e+02 1.226243755337824981e-01
7.520886550000000170e+02 1.268109987713975095e-01
7.523355380000000423e+02 1.263891867006672609e-01
7.525823870000000397e+02 1.232475602130973652e-01
7.528292020000000093e+02 1.251863244111532103e-01
7.530759829999999511e+02 1.256440770917647276e-01
7.533227289999999812e+02 1.234440295541377602e-01
7.535694409999999834e+02 1.232200545321599366e-01
7.538161179999999604e+02 1.222022831919486463e-01
7.540627610000000232e+02 1.215999039258999354e-01
7.543093699999999444e+02 1.216883059039521042e-01
7.545559439999999540e+02 1.219392599586703457e-01
7.548024840000000495e+02 1.216068246023459948e-01
7.550489890000000059e+02 1.224535262096944632e-01
7.552954600000000482e+02 1.215402478533513797e-01
7.555418969999999490e+02 1.201525251746917156e-01
7.557882990000000518e+02 1.184121014664593768e-01
7.560346660000000156e+02 1.184954940920914385e-01
7.562809999999999491e+02 1.166449572531235018e-01
7.565272979999999734e+02 1.166953196080929012e-01
7.567735629999999674e+02 1.158133724925251989e-01
7.570197920000000522e+02 1.169873666975419224e-01
7.572659869999999955e+02 1.178059477941026945e-01
7.575121480000000247e+02 1.145973820192218579e-01
7.577582740000000285e+02 1.157354296550648365e-01
7.580043660000000045e+02 1.126972421191746732e-01
7.582504229999999552e+02 1.137439012486526901e-01
7.584964459999999917e+02 1.126934445352239939e-01
7.587424340000000029e+02 1.091651809592400491e-01
7.589883869999999888e+02 1.108104199133706363e-01
7.592343059999999468e+02 1.132599368649740562e-01
7.594801899999999932e+02 1.118463372974377174e-01
7.597260400000000118e+02 1.108220227215712950e-01
7.599718550000000050e+02 1.122622613212143489e-01
7.602176359999999704e+02 1.102495493824873773e-01
7.604633810000000267e+02 1.078258447401009013e-01
7.607090930000000526e+02 1.103104324758158034e-01
7.609547690000000557e+02 1.088111536623680847e-01
7.612004110000000310e+02 1.073730737286318765e-01
7.614460179999999809e+02 1.073329571070427008e-01
7.616915910000000167e+02 1.075007390746451214e-01
7.619371290000000272e+02 1.035131904478869408e-01
7.621826320000000123e+02 1.049045336773893888e-01
7.624281009999999696e+02 1.041226529693692754e-01
7.626735340000000178e+02 1.046728153604694622e-01
7.629189330000000382e+02 1.053337968418958381e-01
7.631642980000000307e+02 1.042353443663236734e-01
7.634096270000000004e+02 1.060221842839111778e-01
7.636549220000000560e+02 1.055328661747490376e-01
7.639001819999999725e+02 1.068882211969117701e-01
7.641454079999999749e+02 1.005373737879725338e-01
7.643905979999999545e+02 1.029066955235919401e-01
7.646357540000000199e+02 1.024237000999504016e-01
7.648808749999999463e+02 9.954125470338080761e-02
7.651259609999999611e+02 1.001965940606678318e-01
7.653710129999999481e+02 1.012264792056992713e-01
7.656160290000000259e+02 9.912032388780805947e-02
7.658610109999999622e+02 9.561404656864407048e-02
7.661059579999999869e+02 9.683931777776150218e-02
7.663508699999999862e+02 9.571717971521918888e-02
7.665957469999999603e+02 9.880777519693351163e-02
7.668405890000000227e+02 9.638381228830666947e-02
7.670853969999999435e+02 9.524274154320598595e-02
7.673301689999999553e+02 9.652872667559349307e-02
7.675749070000000529e+02 9.717897211559754778e-02
7.678196090000000140e+02 9.518179860592633490e-02
7.680642769999999473e+02 9.226103399930742077e-02
7.683089099999999689e+02 9.377706269387602045e-02
7.685535079999999653e+02 9.111248575499947266e-02
7.687980710000000499e+02 9.214614080896287029e-02
7.690425989999999956e+02 9.435138738644149869e-02
7.692870920000000297e+02 9.171188889490204665e-02
7.695315500000000384e+02 9.227834445536756136e-02
7.697759730000000218e+02 9.141285764858730900e-02
7.700203609999999799e+02 9.235794587958355562e-02
7.702647150000000238e+02 9.098163576165031741e-02
7.705090330000000449e+02 9.043433733115713302e-02
7.707533160000000407e+02 8.944020859248887068e-02
7.709975640000000112e+02 8.676224745969052243e-02
7.712417769999999564e+02 8.410882277665809870e-02
7.714859549999999899e+02 8.701977247220660239e-02
7.717300979999999981e+02 8.773447111371933393e-02
7.719742059999999810e+02 8.791125684588567413e-02
7.722182780000000548e+02 8.452884550183269174e-02
7.724623159999999871e+02 8.514068204767419323e-02
7.727063190000000077e+02 8.422932832579155260e-02
7.729502860000000055e+02 8.332338239747033581e-02
7.731942179999999780e+02 8.366832295071943704e-02
7.734381160000000364e+02 8.353117176206692474e-02
7.736819779999999582e+02 8.463689033095742054e-02
7.739258049999999685e+02 8.416983271972366953e-02
7.741695969999999534e+02 8.208540842934008985e-02
7.744133530000000292e+02 8.350792924256340843e-02
7.746570749999999634e+02 8.402949045854858634e-02
7.749007609999999886e+02 8.139716391665198503e-02
7.751444119999999884e+02 8.179573936508315046e-02
7.753880279999999630e+02 8.158381260940289481e-02
7.756316090000000258e+02 8.181517746488911613e-02
7.758751539999999522e+02 7.861706723980427247e-02
7.761186649999999645e+02 7.791055191435349025e-02
7.763621399999999539e+02 7.930995519352056211e-02
7.766055790000000343e+02 7.838872726860325602e-02
7.768489839999999731e+02 7.879194324995253407e-02
7.770923530000000028e+02 7.705611651929714090e-02
7.773356870000000072e+02 7.741728672224980345e-02
7.775789859999999862e+02 7.728168829797374406e-02
7.778222490000000562e+02 7.791056635051375745e-02
7.780654769999999871e+02 7.731852822366823419e-02
7.783086700000000064e+02 7.750836817220704833e-02
7.785518280000000004e+02 7.557014507159473538e-02
7.787949499999999716e+02 7.198046893642112698e-02
7.790380370000000312e+02 7.351852841684634876e-02
7.792810879999999543e+02 7.308262280145079448e-02
7.795241039999999657e+02 7.184358189053589860e-02
7.797670849999999518e+02 7.131556646606210248e-02
7.800100300000000288e+02 7.282990172152445374e-02
7.802529399999999669e+02 7.340964179288271552e-02
7.804958149999999932e+02 7.186964749408963904e-02
7.807386539999999968e+02 7.059426989789709117e-02
7.809814569999999776e+02 6.845674251782414566e-02
7.812242260000000442e+02 6.945008612306598217e-02
7.814669589999999744e+02 6.721526823400254813e-02
7.817096559999999954e+02 6.850099612445534336e-02
7.819523179999999911e+02 6.919882477993155590e-02
7.821949449999999615e+02 6.930226062263011855e-02
7.824375360000000228e+02 6.783366263275864005e-02
7.826800909999999476e+02 6.802887564475276760e-02
7.829226109999999608e+02 6.595766147012194214e-02
7.831650959999999486e+02 6.638121828070629726e-02
7.834075450000000274e+02 6.664569462921260401e-02
7.836499579999999696e+02 6.688701230088878180e-02
7.838923360000000002e+02 6.653465219781924678e-02
7.841346790000000055e+02 6.602394233300204474e-02
7.843769859999999881e+02 6.595739631734469366e-02
7.846192569999999478e+02 6.521637352385409314e-02
7.848614929999999958e+02 6.566086899052034354e-02
7.851036930000000211e+02 6.460217372189318297e-02
7.853458580000000211e+02 6.357421093651055566e-02
7.855879869999999983e+02 6.351296859691356322e-02
7.858300799999999526e+02 6.584576272921165152e-02
7.860721379999999954e+02 6.515940740356890304e-02
7.863141600000000153e+02 6.444941390557233640e-02
7.865561470000000099e+02 6.662340410110507982e-02
7.867980979999999818e+02 6.546424190064373261e-02
7.870400130000000445e+02 6.521599317233769955e-02
7.872818929999999682e+02 6.481789778467254848e-02
7.875237369999999828e+02 6.282759930951360705e-02
7.877655449999999746e+02 6.360309598609772963e-02
7.880073169999999436e+02 6.353358484693728825e-02
7.882490540000000010e+02 6.235410325158770306e-02
7.884907550000000356e+02 6.044027061534643086e-02
7.887324210000000448e+02 6.245220772467091619e-02
7.889740510000000313e+02 6.243987123108245274e-02
7.892156449999999950e+02 6.161174952861588061e-02
7.894572030000000495e+02 6.076767700005400452e-02
7.896987249999999676e+02 6.131897964372148152e-02
